>ATGAGTCA	1-ATGAGTCA	5.980054	-22.914947	0	T:29.0(35.80%),B:4483.5(9.46%),P:1e-9	Tpos:105.8,Tstd:58.1,Bpos:100.0,Bstd:64.4,StrandBias:0.0,Multiplicity:1.17
0.620	0.260	0.098	0.022
0.017	0.061	0.001	0.921
0.033	0.024	0.910	0.033
0.955	0.001	0.026	0.018
0.027	0.215	0.728	0.030
0.001	0.018	0.001	0.980
0.070	0.907	0.022	0.001
0.997	0.001	0.001	0.001
>TRTTTGYY	2-TRTTTGYY	6.686844	-21.578841	0	T:41.0(50.62%),B:9289.5(19.59%),P:1e-9	Tpos:106.8,Tstd:52.9,Bpos:99.5,Bstd:64.7,StrandBias:0.1,Multiplicity:1.44
0.001	0.001	0.001	0.997
0.491	0.001	0.507	0.001
0.055	0.001	0.001	0.943
0.001	0.199	0.001	0.799
0.001	0.001	0.001	0.997
0.201	0.146	0.490	0.163
0.178	0.401	0.086	0.335
0.001	0.489	0.001	0.509
>CACGTGGC	3-CACGTGGC	7.348344	-20.949940	0	T:21.0(25.93%),B:2482.1(5.24%),P:1e-9	Tpos:111.9,Tstd:50.3,Bpos:101.1,Bstd:68.1,StrandBias:0.4,Multiplicity:1.00
0.082	0.916	0.001	0.001
0.997	0.001	0.001	0.001
0.001	0.879	0.051	0.069
0.201	0.001	0.722	0.076
0.255	0.001	0.001	0.743
0.001	0.001	0.997	0.001
0.047	0.001	0.894	0.058
0.001	0.952	0.046	0.001
>TATTAACA	4-TATTAACA	6.130218	-18.795288	0	T:17.0(20.99%),B:1769.0(3.73%),P:1e-8	Tpos:103.3,Tstd:48.0,Bpos:99.6,Bstd:66.1,StrandBias:1.2,Multiplicity:1.19
0.001	0.060	0.093	0.846
0.997	0.001	0.001	0.001
0.001	0.001	0.001	0.997
0.001	0.001	0.001	0.997
0.916	0.001	0.082	0.001
0.997	0.001	0.001	0.001
0.001	0.888	0.001	0.110
0.930	0.001	0.001	0.068
>AGATAATC	5-AGATAATC	8.497317	-16.490109	0	T:9.0(11.11%),B:437.7(0.92%),P:1e-7	Tpos:98.1,Tstd:46.5,Bpos:97.1,Bstd:60.4,StrandBias:-1.2,Multiplicity:1.00
0.785	0.108	0.058	0.049
0.026	0.048	0.925	0.001
0.904	0.046	0.001	0.049
0.022	0.001	0.028	0.949
0.797	0.001	0.001	0.201
0.946	0.001	0.052	0.001
0.029	0.044	0.164	0.763
0.001	0.971	0.001	0.027
