>GCTGATAAGA	1-GCTGATAAGA	10.733025	-22.997517	0	T:8.0(9.88%),B:133.4(0.28%),P:1e-9	Tpos:100.2,Tstd:44.4,Bpos:92.2,Bstd:56.4,StrandBias:0.0,Multiplicity:1.00
0.001	0.125	0.754	0.120
0.001	0.997	0.001	0.001
0.112	0.001	0.001	0.886
0.001	0.001	0.997	0.001
0.997	0.001	0.001	0.001
0.001	0.001	0.001	0.997
0.859	0.001	0.001	0.139
0.876	0.001	0.001	0.122
0.102	0.001	0.896	0.001
0.863	0.001	0.001	0.135
>AGGCAGGGCG	2-AGGCAGGGCG	11.944343	-22.020563	0	T:7.0(8.64%),B:90.4(0.19%),P:1e-9	Tpos:78.1,Tstd:45.1,Bpos:110.5,Bstd:71.1,StrandBias:2.6,Multiplicity:1.00
0.997	0.001	0.001	0.001
0.001	0.001	0.997	0.001
0.001	0.208	0.790	0.001
0.001	0.997	0.001	0.001
0.997	0.001	0.001	0.001
0.001	0.001	0.997	0.001
0.001	0.001	0.997	0.001
0.001	0.001	0.997	0.001
0.001	0.723	0.001	0.275
0.001	0.001	0.997	0.001
>GTGACTCACT	3-GTGACTCACT	7.901574	-21.810860	0	T:17.0(20.99%),B:1446.0(3.05%),P:1e-9	Tpos:101.6,Tstd:60.3,Bpos:99.4,Bstd:67.9,StrandBias:-0.5,Multiplicity:1.00
0.140	0.247	0.612	0.001
0.001	0.001	0.044	0.954
0.046	0.141	0.761	0.052
0.969	0.029	0.001	0.001
0.001	0.650	0.348	0.001
0.186	0.083	0.001	0.730
0.100	0.831	0.034	0.035
0.819	0.096	0.001	0.084
0.001	0.472	0.280	0.248
0.277	0.165	0.033	0.525
>GTTTACTCAG	4-GTTTACTCAG	10.997651	-21.222907	0	T:8.0(9.88%),B:167.1(0.35%),P:1e-9	Tpos:120.7,Tstd:33.9,Bpos:94.5,Bstd:63.3,StrandBias:0.0,Multiplicity:1.25
0.001	0.001	0.997	0.001
0.001	0.001	0.155	0.843
0.001	0.001	0.001	0.997
0.001	0.001	0.001	0.997
0.868	0.001	0.130	0.001
0.001	0.997	0.001	0.001
0.133	0.001	0.001	0.865
0.001	0.711	0.137	0.151
0.858	0.001	0.001	0.140
0.001	0.001	0.997	0.001
>GAACTTTGGT	5-GAACTTTGGT	10.880994	-19.823681	0	T:7.0(8.64%),B:124.8(0.26%),P:1e-8	Tpos:90.1,Tstd:57.6,Bpos:95.0,Bstd:67.5,StrandBias:1.6,Multiplicity:1.14
0.001	0.001	0.997	0.001
0.997	0.001	0.001	0.001
0.833	0.165	0.001	0.001
0.001	0.862	0.001	0.136
0.171	0.147	0.001	0.681
0.001	0.001	0.121	0.877
0.001	0.001	0.001	0.997
0.001	0.001	0.997	0.001
0.001	0.001	0.878	0.120
0.001	0.001	0.001	0.997
>TAAACACGTG	6-TAAACACGTG	6.404373	-8.298406	0	T:21.0(25.93%),B:5440.9(11.48%),P:1e-3	Tpos:102.3,Tstd:49.9,Bpos:100.2,Bstd:66.8,StrandBias:0.3,Multiplicity:1.19
0.100	0.100	0.100	0.700
0.700	0.100	0.100	0.100
0.700	0.100	0.100	0.100
0.700	0.100	0.100	0.100
0.100	0.700	0.100	0.100
0.700	0.100	0.100	0.100
0.100	0.700	0.100	0.100
0.100	0.100	0.700	0.100
0.100	0.100	0.100	0.700
0.100	0.100	0.700	0.100
