>CWGTWAATRWTT	1-CWGTWAATRWTT	10.290196	-28.660091	0	T:11.0(13.58%),B:233.5(0.49%),P:1e-12	Tpos:85.9,Tstd:43.8,Bpos:103.7,Bstd:64.6,StrandBias:0.5,Multiplicity:1.00
0.001	0.617	0.001	0.381
0.387	0.001	0.187	0.425
0.001	0.001	0.997	0.001
0.001	0.163	0.001	0.835
0.361	0.218	0.001	0.419
0.890	0.001	0.108	0.001
0.997	0.001	0.001	0.001
0.001	0.001	0.001	0.997
0.477	0.001	0.521	0.001
0.552	0.001	0.001	0.446
0.001	0.108	0.001	0.890
0.001	0.001	0.108	0.890
>GAGGCAGGGCGG	2-GAGGCAGGGCGG	14.533269	-27.053585	0	T:5.0(6.17%),B:7.0(0.01%),P:1e-11	Tpos:88.4,Tstd:49.7,Bpos:100.7,Bstd:67.7,StrandBias:2.0,Multiplicity:1.00
0.001	0.001	0.742	0.256
0.997	0.001	0.001	0.001
0.001	0.001	0.997	0.001
0.001	0.001	0.997	0.001
0.001	0.997	0.001	0.001
0.997	0.001	0.001	0.001
0.001	0.001	0.997	0.001
0.001	0.001	0.997	0.001
0.001	0.001	0.997	0.001
0.001	0.770	0.001	0.228
0.001	0.001	0.997	0.001
0.001	0.256	0.742	0.001
>TCCCCTGTGCCC	3-TCCCCTGTGCCC	10.950449	-25.839022	0	T:9.0(11.11%),B:148.1(0.31%),P:1e-11	Tpos:104.6,Tstd:51.4,Bpos:100.6,Bstd:65.5,StrandBias:-0.6,Multiplicity:1.11
0.143	0.001	0.162	0.694
0.287	0.549	0.163	0.001
0.001	0.980	0.001	0.018
0.287	0.711	0.001	0.001
0.287	0.568	0.001	0.144
0.001	0.001	0.001	0.997
0.001	0.001	0.997	0.001
0.001	0.001	0.001	0.997
0.001	0.001	0.856	0.142
0.001	0.997	0.001	0.001
0.001	0.690	0.001	0.308
0.001	0.997	0.001	0.001
>GTTGGCTCAGBW	4-GTTGGCTCAGBW	8.442569	-20.203052	0	T:15.0(18.52%),B:1190.5(2.51%),P:1e-8	Tpos:116.6,Tstd:53.3,Bpos:99.5,Bstd:65.1,StrandBias:0.5,Multiplicity:1.07
0.074	0.217	0.637	0.072
0.071	0.002	0.001	0.926
0.001	0.001	0.074	0.924
0.071	0.001	0.568	0.360
0.367	0.001	0.561	0.071
0.071	0.927	0.001	0.001
0.281	0.001	0.001	0.717
0.064	0.568	0.221	0.147
0.857	0.001	0.071	0.071
0.071	0.001	0.927	0.001
0.001	0.292	0.279	0.428
0.431	0.072	0.139	0.359
>GGTGTGTGGTTT	5-GGTGTGTGGTTT	14.741236	-15.116380	0	T:3.0(3.70%),B:7.4(0.02%),P:1e-6	Tpos:71.7,Tstd:45.6,Bpos:93.4,Bstd:78.4,StrandBias:1.0,Multiplicity:1.00
0.001	0.001	0.844	0.154
0.001	0.001	0.997	0.001
0.001	0.001	0.001	0.997
0.001	0.001	0.997	0.001
0.001	0.001	0.001	0.997
0.001	0.001	0.997	0.001
0.001	0.001	0.001	0.997
0.001	0.001	0.997	0.001
0.291	0.001	0.707	0.001
0.001	0.001	0.001	0.997
0.259	0.001	0.001	0.739
0.001	0.001	0.001	0.997
