>GCTGATAAGA	1-GCTGATAAGA	10.733025	-22.997517	0	T:8.0(9.88%),B:133.4(0.28%),P:1e-9	Tpos:100.2,Tstd:44.4,Bpos:92.2,Bstd:56.4,StrandBias:0.0,Multiplicity:1.00
0.001	0.125	0.754	0.120
0.001	0.997	0.001	0.001
0.112	0.001	0.001	0.886
0.001	0.001	0.997	0.001
0.997	0.001	0.001	0.001
0.001	0.001	0.001	0.997
0.859	0.001	0.001	0.139
0.876	0.001	0.001	0.122
0.102	0.001	0.896	0.001
0.863	0.001	0.001	0.135
>AGGCAGGGCG	2-AGGCAGGGCG	11.944343	-22.020563	0	T:7.0(8.64%),B:90.4(0.19%),P:1e-9	Tpos:78.1,Tstd:45.1,Bpos:110.5,Bstd:71.1,StrandBias:2.6,Multiplicity:1.00
0.997	0.001	0.001	0.001
0.001	0.001	0.997	0.001
0.001	0.208	0.790	0.001
0.001	0.997	0.001	0.001
0.997	0.001	0.001	0.001
0.001	0.001	0.997	0.001
0.001	0.001	0.997	0.001
0.001	0.001	0.997	0.001
0.001	0.723	0.001	0.275
0.001	0.001	0.997	0.001
>GTGACTCACT	3-GTGACTCACT	7.901574	-21.810860	0	T:17.0(20.99%),B:1446.0(3.05%),P:1e-9	Tpos:101.6,Tstd:60.3,Bpos:99.4,Bstd:67.9,StrandBias:-0.5,Multiplicity:1.00
0.140	0.247	0.612	0.001
0.001	0.001	0.044	0.954
0.046	0.141	0.761	0.052
0.969	0.029	0.001	0.001
0.001	0.650	0.348	0.001
0.186	0.083	0.001	0.730
0.100	0.831	0.034	0.035
0.819	0.096	0.001	0.084
0.001	0.472	0.280	0.248
0.277	0.165	0.033	0.525
>GTTTACTCAG	4-GTTTACTCAG	10.997651	-21.222907	0	T:8.0(9.88%),B:167.1(0.35%),P:1e-9	Tpos:120.7,Tstd:33.9,Bpos:94.5,Bstd:63.3,StrandBias:0.0,Multiplicity:1.25
0.001	0.001	0.997	0.001
0.001	0.001	0.155	0.843
0.001	0.001	0.001	0.997
0.001	0.001	0.001	0.997
0.868	0.001	0.130	0.001
0.001	0.997	0.001	0.001
0.133	0.001	0.001	0.865
0.001	0.711	0.137	0.151
0.858	0.001	0.001	0.140
0.001	0.001	0.997	0.001
>GAACTTTGGT	5-GAACTTTGGT	10.880994	-19.823681	0	T:7.0(8.64%),B:124.8(0.26%),P:1e-8	Tpos:90.1,Tstd:57.6,Bpos:95.0,Bstd:67.5,StrandBias:1.6,Multiplicity:1.14
0.001	0.001	0.997	0.001
0.997	0.001	0.001	0.001
0.833	0.165	0.001	0.001
0.001	0.862	0.001	0.136
0.171	0.147	0.001	0.681
0.001	0.001	0.121	0.877
0.001	0.001	0.001	0.997
0.001	0.001	0.997	0.001
0.001	0.001	0.878	0.120
0.001	0.001	0.001	0.997
>TAAACACGTG	6-TAAACACGTG	6.404373	-8.298406	0	T:21.0(25.93%),B:5440.9(11.48%),P:1e-3	Tpos:102.3,Tstd:49.9,Bpos:100.2,Bstd:66.8,StrandBias:0.3,Multiplicity:1.19
0.100	0.100	0.100	0.700
0.700	0.100	0.100	0.100
0.700	0.100	0.100	0.100
0.700	0.100	0.100	0.100
0.100	0.700	0.100	0.100
0.700	0.100	0.100	0.100
0.100	0.700	0.100	0.100
0.100	0.100	0.700	0.100
0.100	0.100	0.100	0.700
0.100	0.100	0.700	0.100
>CWGTWAATRWTT	1-CWGTWAATRWTT	10.290196	-28.660091	0	T:11.0(13.58%),B:233.5(0.49%),P:1e-12	Tpos:85.9,Tstd:43.8,Bpos:103.7,Bstd:64.6,StrandBias:0.5,Multiplicity:1.00
0.001	0.617	0.001	0.381
0.387	0.001	0.187	0.425
0.001	0.001	0.997	0.001
0.001	0.163	0.001	0.835
0.361	0.218	0.001	0.419
0.890	0.001	0.108	0.001
0.997	0.001	0.001	0.001
0.001	0.001	0.001	0.997
0.477	0.001	0.521	0.001
0.552	0.001	0.001	0.446
0.001	0.108	0.001	0.890
0.001	0.001	0.108	0.890
>GAGGCAGGGCGG	2-GAGGCAGGGCGG	14.533269	-27.053585	0	T:5.0(6.17%),B:7.0(0.01%),P:1e-11	Tpos:88.4,Tstd:49.7,Bpos:100.7,Bstd:67.7,StrandBias:2.0,Multiplicity:1.00
0.001	0.001	0.742	0.256
0.997	0.001	0.001	0.001
0.001	0.001	0.997	0.001
0.001	0.001	0.997	0.001
0.001	0.997	0.001	0.001
0.997	0.001	0.001	0.001
0.001	0.001	0.997	0.001
0.001	0.001	0.997	0.001
0.001	0.001	0.997	0.001
0.001	0.770	0.001	0.228
0.001	0.001	0.997	0.001
0.001	0.256	0.742	0.001
>TCCCCTGTGCCC	3-TCCCCTGTGCCC	10.950449	-25.839022	0	T:9.0(11.11%),B:148.1(0.31%),P:1e-11	Tpos:104.6,Tstd:51.4,Bpos:100.6,Bstd:65.5,StrandBias:-0.6,Multiplicity:1.11
0.143	0.001	0.162	0.694
0.287	0.549	0.163	0.001
0.001	0.980	0.001	0.018
0.287	0.711	0.001	0.001
0.287	0.568	0.001	0.144
0.001	0.001	0.001	0.997
0.001	0.001	0.997	0.001
0.001	0.001	0.001	0.997
0.001	0.001	0.856	0.142
0.001	0.997	0.001	0.001
0.001	0.690	0.001	0.308
0.001	0.997	0.001	0.001
>GTTGGCTCAGBW	4-GTTGGCTCAGBW	8.442569	-20.203052	0	T:15.0(18.52%),B:1190.5(2.51%),P:1e-8	Tpos:116.6,Tstd:53.3,Bpos:99.5,Bstd:65.1,StrandBias:0.5,Multiplicity:1.07
0.074	0.217	0.637	0.072
0.071	0.002	0.001	0.926
0.001	0.001	0.074	0.924
0.071	0.001	0.568	0.360
0.367	0.001	0.561	0.071
0.071	0.927	0.001	0.001
0.281	0.001	0.001	0.717
0.064	0.568	0.221	0.147
0.857	0.001	0.071	0.071
0.071	0.001	0.927	0.001
0.001	0.292	0.279	0.428
0.431	0.072	0.139	0.359
>GGTGTGTGGTTT	5-GGTGTGTGGTTT	14.741236	-15.116380	0	T:3.0(3.70%),B:7.4(0.02%),P:1e-6	Tpos:71.7,Tstd:45.6,Bpos:93.4,Bstd:78.4,StrandBias:1.0,Multiplicity:1.00
0.001	0.001	0.844	0.154
0.001	0.001	0.997	0.001
0.001	0.001	0.001	0.997
0.001	0.001	0.997	0.001
0.001	0.001	0.001	0.997
0.001	0.001	0.997	0.001
0.001	0.001	0.001	0.997
0.001	0.001	0.997	0.001
0.291	0.001	0.707	0.001
0.001	0.001	0.001	0.997
0.259	0.001	0.001	0.739
0.001	0.001	0.001	0.997
>ATGAGTCA	1-ATGAGTCA	5.980054	-22.914947	0	T:29.0(35.80%),B:4483.5(9.46%),P:1e-9	Tpos:105.8,Tstd:58.1,Bpos:100.0,Bstd:64.4,StrandBias:0.0,Multiplicity:1.17
0.620	0.260	0.098	0.022
0.017	0.061	0.001	0.921
0.033	0.024	0.910	0.033
0.955	0.001	0.026	0.018
0.027	0.215	0.728	0.030
0.001	0.018	0.001	0.980
0.070	0.907	0.022	0.001
0.997	0.001	0.001	0.001
>TRTTTGYY	2-TRTTTGYY	6.686844	-21.578841	0	T:41.0(50.62%),B:9289.5(19.59%),P:1e-9	Tpos:106.8,Tstd:52.9,Bpos:99.5,Bstd:64.7,StrandBias:0.1,Multiplicity:1.44
0.001	0.001	0.001	0.997
0.491	0.001	0.507	0.001
0.055	0.001	0.001	0.943
0.001	0.199	0.001	0.799
0.001	0.001	0.001	0.997
0.201	0.146	0.490	0.163
0.178	0.401	0.086	0.335
0.001	0.489	0.001	0.509
>CACGTGGC	3-CACGTGGC	7.348344	-20.949940	0	T:21.0(25.93%),B:2482.1(5.24%),P:1e-9	Tpos:111.9,Tstd:50.3,Bpos:101.1,Bstd:68.1,StrandBias:0.4,Multiplicity:1.00
0.082	0.916	0.001	0.001
0.997	0.001	0.001	0.001
0.001	0.879	0.051	0.069
0.201	0.001	0.722	0.076
0.255	0.001	0.001	0.743
0.001	0.001	0.997	0.001
0.047	0.001	0.894	0.058
0.001	0.952	0.046	0.001
>TATTAACA	4-TATTAACA	6.130218	-18.795288	0	T:17.0(20.99%),B:1769.0(3.73%),P:1e-8	Tpos:103.3,Tstd:48.0,Bpos:99.6,Bstd:66.1,StrandBias:1.2,Multiplicity:1.19
0.001	0.060	0.093	0.846
0.997	0.001	0.001	0.001
0.001	0.001	0.001	0.997
0.001	0.001	0.001	0.997
0.916	0.001	0.082	0.001
0.997	0.001	0.001	0.001
0.001	0.888	0.001	0.110
0.930	0.001	0.001	0.068
>AGATAATC	5-AGATAATC	8.497317	-16.490109	0	T:9.0(11.11%),B:437.7(0.92%),P:1e-7	Tpos:98.1,Tstd:46.5,Bpos:97.1,Bstd:60.4,StrandBias:-1.2,Multiplicity:1.00
0.785	0.108	0.058	0.049
0.026	0.048	0.925	0.001
0.904	0.046	0.001	0.049
0.022	0.001	0.028	0.949
0.797	0.001	0.001	0.201
0.946	0.001	0.052	0.001
0.029	0.044	0.164	0.763
0.001	0.971	0.001	0.027
