>TTATCTAAGG	1-TTATCTAAGG	10.296193	-17.555020	0	T:3.0(8.11%),B:2.4(0.02%),P:1e-7	Tpos:142.0,Tstd:38.8,Bpos:106.3,Bstd:22.8,StrandBias:10.0,Multiplicity:1.00
0.100	0.100	0.100	0.700
0.100	0.100	0.100	0.700
0.700	0.100	0.100	0.100
0.100	0.100	0.100	0.700
0.100	0.700	0.100	0.100
0.100	0.100	0.100	0.700
0.700	0.100	0.100	0.100
0.700	0.100	0.100	0.100
0.100	0.100	0.700	0.100
0.100	0.100	0.700	0.100
>GCAGGAAGTT	2-GCAGGAAGTT	6.157341	-16.461419	0	T:17.0(45.95%),B:1489.1(10.82%),P:1e-7	Tpos:127.9,Tstd:49.4,Bpos:101.0,Bstd:74.9,StrandBias:0.2,Multiplicity:1.12
0.001	0.006	0.706	0.287
0.001	0.997	0.001	0.001
0.997	0.001	0.001	0.001
0.331	0.001	0.667	0.001
0.001	0.001	0.997	0.001
0.878	0.001	0.001	0.120
0.651	0.099	0.249	0.001
0.091	0.166	0.742	0.001
0.001	0.001	0.079	0.919
0.091	0.255	0.179	0.474
>YTTGCWTGAG	3-YTTGCWTGAG	5.947558	-14.480132	0	T:7.0(18.92%),B:182.4(1.33%),P:1e-6	Tpos:122.0,Tstd:44.1,Bpos:92.7,Bstd:94.6,StrandBias:0.7,Multiplicity:1.14
0.001	0.480	0.001	0.518
0.001	0.001	0.001	0.997
0.001	0.001	0.001	0.997
0.001	0.001	0.603	0.395
0.001	0.901	0.097	0.001
0.556	0.001	0.017	0.426
0.001	0.001	0.001	0.997
0.001	0.001	0.997	0.001
0.997	0.001	0.001	0.001
0.001	0.001	0.976	0.022
>GGTTGGGGCT	4-GGTTGGGGCT	11.584221	-12.980047	0	T:4.0(10.81%),B:34.2(0.25%),P:1e-5	Tpos:122.8,Tstd:66.8,Bpos:111.1,Bstd:64.8,StrandBias:0.0,Multiplicity:1.00
0.001	0.001	0.997	0.001
0.263	0.001	0.735	0.001
0.001	0.101	0.001	0.897
0.001	0.001	0.215	0.783
0.001	0.001	0.997	0.001
0.001	0.001	0.997	0.001
0.001	0.001	0.997	0.001
0.001	0.001	0.997	0.001
0.001	0.796	0.001	0.202
0.001	0.001	0.001	0.997
>AGGGTGGTGG	5-AGGGTGGTGG	7.448540	-12.351728	0	T:14.0(37.84%),B:1329.2(9.66%),P:1e-5	Tpos:81.8,Tstd:50.2,Bpos:96.0,Bstd:68.0,StrandBias:0.4,Multiplicity:1.43
0.677	0.110	0.113	0.100
0.001	0.001	0.967	0.031
0.001	0.056	0.942	0.001
0.121	0.001	0.877	0.001
0.001	0.103	0.156	0.740
0.126	0.001	0.811	0.062
0.044	0.046	0.853	0.057
0.034	0.003	0.339	0.624
0.048	0.158	0.740	0.054
0.060	0.154	0.785	0.001
