>ACACGTCA	1-ACACGTCA	7.646423	-15.105526	0	T:10.0(27.03%),B:462.9(3.36%),P:1e-6	Tpos:71.0,Tstd:33.7,Bpos:100.5,Bstd:88.8,StrandBias:0.5,Multiplicity:1.20
0.879	0.001	0.119	0.001
0.001	0.997	0.001	0.001
0.840	0.001	0.001	0.158
0.001	0.843	0.072	0.084
0.087	0.001	0.835	0.077
0.128	0.001	0.001	0.870
0.001	0.997	0.001	0.001
0.832	0.001	0.166	0.001
>TTCGATAA	2-TTCGATAA	5.487803	-11.920588	0	T:11.0(29.73%),B:819.5(5.95%),P:1e-5	Tpos:114.5,Tstd:56.8,Bpos:96.0,Bstd:90.3,StrandBias:-2.5,Multiplicity:1.30
0.001	0.213	0.171	0.615
0.037	0.144	0.179	0.640
0.157	0.438	0.274	0.131
0.037	0.226	0.736	0.001
0.700	0.147	0.078	0.075
0.204	0.211	0.126	0.458
0.685	0.001	0.201	0.113
0.761	0.163	0.075	0.001
>TGCGACAC	3-TGCGACAC	8.236954	-10.266861	0	T:3.0(8.11%),B:24.0(0.17%),P:1e-4	Tpos:124.7,Tstd:38.0,Bpos:109.5,Bstd:41.4,StrandBias:1.0,Multiplicity:1.00
0.100	0.100	0.100	0.700
0.100	0.100	0.700	0.100
0.100	0.700	0.100	0.100
0.100	0.100	0.700	0.100
0.700	0.100	0.100	0.100
0.100	0.700	0.100	0.100
0.700	0.100	0.100	0.100
0.100	0.700	0.100	0.100
>CTGATTAA	4-CTGATTAA	8.909715	-9.511969	0	T:6.0(16.22%),B:267.3(1.94%),P:1e-4	Tpos:95.8,Tstd:59.9,Bpos:86.7,Bstd:90.0,StrandBias:-0.7,Multiplicity:1.33
0.001	0.997	0.001	0.001
0.001	0.001	0.001	0.997
0.001	0.001	0.997	0.001
0.786	0.001	0.212	0.001
0.001	0.001	0.001	0.997
0.258	0.001	0.001	0.740
0.731	0.001	0.001	0.267
0.997	0.001	0.001	0.001
>SCCAMCCT	5-SCCAMCCT	7.915862	-7.332154	0	T:10.0(27.03%),B:1140.1(8.28%),P:1e-3	Tpos:98.3,Tstd:62.5,Bpos:101.0,Bstd:79.9,StrandBias:0.0,Multiplicity:1.60
0.199	0.427	0.373	0.001
0.001	0.997	0.001	0.001
0.367	0.631	0.001	0.001
0.719	0.279	0.001	0.001
0.427	0.571	0.001	0.001
0.001	0.997	0.001	0.001
0.001	0.877	0.001	0.121
0.001	0.001	0.001	0.997
