>TTATCTAAGG	1-TTATCTAAGG	10.296193	-17.555020	0	T:3.0(8.11%),B:2.4(0.02%),P:1e-7	Tpos:142.0,Tstd:38.8,Bpos:106.3,Bstd:22.8,StrandBias:10.0,Multiplicity:1.00
0.100	0.100	0.100	0.700
0.100	0.100	0.100	0.700
0.700	0.100	0.100	0.100
0.100	0.100	0.100	0.700
0.100	0.700	0.100	0.100
0.100	0.100	0.100	0.700
0.700	0.100	0.100	0.100
0.700	0.100	0.100	0.100
0.100	0.100	0.700	0.100
0.100	0.100	0.700	0.100
>GCAGGAAGTT	2-GCAGGAAGTT	6.157341	-16.461419	0	T:17.0(45.95%),B:1489.1(10.82%),P:1e-7	Tpos:127.9,Tstd:49.4,Bpos:101.0,Bstd:74.9,StrandBias:0.2,Multiplicity:1.12
0.001	0.006	0.706	0.287
0.001	0.997	0.001	0.001
0.997	0.001	0.001	0.001
0.331	0.001	0.667	0.001
0.001	0.001	0.997	0.001
0.878	0.001	0.001	0.120
0.651	0.099	0.249	0.001
0.091	0.166	0.742	0.001
0.001	0.001	0.079	0.919
0.091	0.255	0.179	0.474
>YTTGCWTGAG	3-YTTGCWTGAG	5.947558	-14.480132	0	T:7.0(18.92%),B:182.4(1.33%),P:1e-6	Tpos:122.0,Tstd:44.1,Bpos:92.7,Bstd:94.6,StrandBias:0.7,Multiplicity:1.14
0.001	0.480	0.001	0.518
0.001	0.001	0.001	0.997
0.001	0.001	0.001	0.997
0.001	0.001	0.603	0.395
0.001	0.901	0.097	0.001
0.556	0.001	0.017	0.426
0.001	0.001	0.001	0.997
0.001	0.001	0.997	0.001
0.997	0.001	0.001	0.001
0.001	0.001	0.976	0.022
>GGTTGGGGCT	4-GGTTGGGGCT	11.584221	-12.980047	0	T:4.0(10.81%),B:34.2(0.25%),P:1e-5	Tpos:122.8,Tstd:66.8,Bpos:111.1,Bstd:64.8,StrandBias:0.0,Multiplicity:1.00
0.001	0.001	0.997	0.001
0.263	0.001	0.735	0.001
0.001	0.101	0.001	0.897
0.001	0.001	0.215	0.783
0.001	0.001	0.997	0.001
0.001	0.001	0.997	0.001
0.001	0.001	0.997	0.001
0.001	0.001	0.997	0.001
0.001	0.796	0.001	0.202
0.001	0.001	0.001	0.997
>AGGGTGGTGG	5-AGGGTGGTGG	7.448540	-12.351728	0	T:14.0(37.84%),B:1329.2(9.66%),P:1e-5	Tpos:81.8,Tstd:50.2,Bpos:96.0,Bstd:68.0,StrandBias:0.4,Multiplicity:1.43
0.677	0.110	0.113	0.100
0.001	0.001	0.967	0.031
0.001	0.056	0.942	0.001
0.121	0.001	0.877	0.001
0.001	0.103	0.156	0.740
0.126	0.001	0.811	0.062
0.044	0.046	0.853	0.057
0.034	0.003	0.339	0.624
0.048	0.158	0.740	0.054
0.060	0.154	0.785	0.001
>CAACTTCCTGCC	1-CAACTTCCTGCC	14.967885	-17.449803	0	T:4.0(10.81%),B:12.0(0.09%),P:1e-7	Tpos:131.5,Tstd:45.6,Bpos:102.1,Bstd:68.3,StrandBias:0.0,Multiplicity:1.00
0.001	0.997	0.001	0.001
0.602	0.001	0.396	0.001
0.997	0.001	0.001	0.001
0.001	0.997	0.001	0.001
0.001	0.001	0.001	0.997
0.001	0.001	0.001	0.997
0.001	0.997	0.001	0.001
0.001	0.997	0.001	0.001
0.001	0.001	0.001	0.997
0.001	0.001	0.997	0.001
0.001	0.997	0.001	0.001
0.323	0.675	0.001	0.001
>GCWGRTCAGCAG	2-GCWGRTCAGCAG	9.111535	-11.059731	0	T:6.0(16.22%),B:202.4(1.47%),P:1e-4	Tpos:114.8,Tstd:44.2,Bpos:95.6,Bstd:70.3,StrandBias:0.3,Multiplicity:1.17
0.001	0.142	0.732	0.125
0.001	0.997	0.001	0.001
0.424	0.001	0.001	0.574
0.001	0.267	0.590	0.142
0.425	0.125	0.449	0.001
0.001	0.153	0.001	0.845
0.283	0.715	0.001	0.001
0.857	0.001	0.141	0.001
0.001	0.141	0.857	0.001
0.001	0.997	0.001	0.001
0.715	0.001	0.283	0.001
0.142	0.142	0.715	0.001
>GRGCCTCTTCTC	3-GRGCCTCTTCTC	9.864188	-10.879200	0	T:5.0(13.51%),B:122.3(0.89%),P:1e-4	Tpos:103.8,Tstd:43.4,Bpos:104.9,Bstd:72.0,StrandBias:-0.6,Multiplicity:1.00
0.001	0.193	0.805	0.001
0.387	0.226	0.387	0.001
0.193	0.193	0.613	0.001
0.001	0.612	0.386	0.001
0.001	0.613	0.193	0.193
0.001	0.193	0.001	0.805
0.001	0.805	0.193	0.001
0.001	0.193	0.001	0.805
0.001	0.001	0.001	0.997
0.193	0.805	0.001	0.001
0.001	0.001	0.001	0.997
0.001	0.805	0.001	0.193
>AAGCTAGCCTGC	4-AAGCTAGCCTGC	12.355432	-5.919984	0	T:1.0(2.70%),B:1.7(0.01%),P:1e-2	Tpos:107.0,Tstd:0.0,Bpos:191.0,Bstd:0.0,StrandBias:10.0,Multiplicity:1.00
0.700	0.100	0.100	0.100
0.700	0.100	0.100	0.100
0.100	0.100	0.700	0.100
0.100	0.700	0.100	0.100
0.100	0.100	0.100	0.700
0.700	0.100	0.100	0.100
0.100	0.100	0.700	0.100
0.100	0.700	0.100	0.100
0.100	0.700	0.100	0.100
0.100	0.100	0.100	0.700
0.100	0.100	0.700	0.100
0.100	0.700	0.100	0.100
>GGGGGCAGGGTA	5-GGGGGCAGGGTA	12.355432	-5.228144	0	T:1.0(2.70%),B:3.0(0.02%),P:1e-2	Tpos:146.0,Tstd:0.0,Bpos:59.0,Bstd:15.2,StrandBias:10.0,Multiplicity:1.00
0.100	0.100	0.700	0.100
0.100	0.100	0.700	0.100
0.100	0.100	0.700	0.100
0.100	0.100	0.700	0.100
0.100	0.100	0.700	0.100
0.100	0.700	0.100	0.100
0.700	0.100	0.100	0.100
0.100	0.100	0.700	0.100
0.100	0.100	0.700	0.100
0.100	0.100	0.700	0.100
0.100	0.100	0.100	0.700
0.700	0.100	0.100	0.100
>ACACGTCA	1-ACACGTCA	7.646423	-15.105526	0	T:10.0(27.03%),B:462.9(3.36%),P:1e-6	Tpos:71.0,Tstd:33.7,Bpos:100.5,Bstd:88.8,StrandBias:0.5,Multiplicity:1.20
0.879	0.001	0.119	0.001
0.001	0.997	0.001	0.001
0.840	0.001	0.001	0.158
0.001	0.843	0.072	0.084
0.087	0.001	0.835	0.077
0.128	0.001	0.001	0.870
0.001	0.997	0.001	0.001
0.832	0.001	0.166	0.001
>TTCGATAA	2-TTCGATAA	5.487803	-11.920588	0	T:11.0(29.73%),B:819.5(5.95%),P:1e-5	Tpos:114.5,Tstd:56.8,Bpos:96.0,Bstd:90.3,StrandBias:-2.5,Multiplicity:1.30
0.001	0.213	0.171	0.615
0.037	0.144	0.179	0.640
0.157	0.438	0.274	0.131
0.037	0.226	0.736	0.001
0.700	0.147	0.078	0.075
0.204	0.211	0.126	0.458
0.685	0.001	0.201	0.113
0.761	0.163	0.075	0.001
>TGCGACAC	3-TGCGACAC	8.236954	-10.266861	0	T:3.0(8.11%),B:24.0(0.17%),P:1e-4	Tpos:124.7,Tstd:38.0,Bpos:109.5,Bstd:41.4,StrandBias:1.0,Multiplicity:1.00
0.100	0.100	0.100	0.700
0.100	0.100	0.700	0.100
0.100	0.700	0.100	0.100
0.100	0.100	0.700	0.100
0.700	0.100	0.100	0.100
0.100	0.700	0.100	0.100
0.700	0.100	0.100	0.100
0.100	0.700	0.100	0.100
>CTGATTAA	4-CTGATTAA	8.909715	-9.511969	0	T:6.0(16.22%),B:267.3(1.94%),P:1e-4	Tpos:95.8,Tstd:59.9,Bpos:86.7,Bstd:90.0,StrandBias:-0.7,Multiplicity:1.33
0.001	0.997	0.001	0.001
0.001	0.001	0.001	0.997
0.001	0.001	0.997	0.001
0.786	0.001	0.212	0.001
0.001	0.001	0.001	0.997
0.258	0.001	0.001	0.740
0.731	0.001	0.001	0.267
0.997	0.001	0.001	0.001
>SCCAMCCT	5-SCCAMCCT	7.915862	-7.332154	0	T:10.0(27.03%),B:1140.1(8.28%),P:1e-3	Tpos:98.3,Tstd:62.5,Bpos:101.0,Bstd:79.9,StrandBias:0.0,Multiplicity:1.60
0.199	0.427	0.373	0.001
0.001	0.997	0.001	0.001
0.367	0.631	0.001	0.001
0.719	0.279	0.001	0.001
0.427	0.571	0.001	0.001
0.001	0.997	0.001	0.001
0.001	0.877	0.001	0.121
0.001	0.001	0.001	0.997
