>CAACTTCCTGCC	1-CAACTTCCTGCC	14.967885	-17.449803	0	T:4.0(10.81%),B:12.0(0.09%),P:1e-7	Tpos:131.5,Tstd:45.6,Bpos:102.1,Bstd:68.3,StrandBias:0.0,Multiplicity:1.00
0.001	0.997	0.001	0.001
0.602	0.001	0.396	0.001
0.997	0.001	0.001	0.001
0.001	0.997	0.001	0.001
0.001	0.001	0.001	0.997
0.001	0.001	0.001	0.997
0.001	0.997	0.001	0.001
0.001	0.997	0.001	0.001
0.001	0.001	0.001	0.997
0.001	0.001	0.997	0.001
0.001	0.997	0.001	0.001
0.323	0.675	0.001	0.001
>GCWGRTCAGCAG	2-GCWGRTCAGCAG	9.111535	-11.059731	0	T:6.0(16.22%),B:202.4(1.47%),P:1e-4	Tpos:114.8,Tstd:44.2,Bpos:95.6,Bstd:70.3,StrandBias:0.3,Multiplicity:1.17
0.001	0.142	0.732	0.125
0.001	0.997	0.001	0.001
0.424	0.001	0.001	0.574
0.001	0.267	0.590	0.142
0.425	0.125	0.449	0.001
0.001	0.153	0.001	0.845
0.283	0.715	0.001	0.001
0.857	0.001	0.141	0.001
0.001	0.141	0.857	0.001
0.001	0.997	0.001	0.001
0.715	0.001	0.283	0.001
0.142	0.142	0.715	0.001
>GRGCCTCTTCTC	3-GRGCCTCTTCTC	9.864188	-10.879200	0	T:5.0(13.51%),B:122.3(0.89%),P:1e-4	Tpos:103.8,Tstd:43.4,Bpos:104.9,Bstd:72.0,StrandBias:-0.6,Multiplicity:1.00
0.001	0.193	0.805	0.001
0.387	0.226	0.387	0.001
0.193	0.193	0.613	0.001
0.001	0.612	0.386	0.001
0.001	0.613	0.193	0.193
0.001	0.193	0.001	0.805
0.001	0.805	0.193	0.001
0.001	0.193	0.001	0.805
0.001	0.001	0.001	0.997
0.193	0.805	0.001	0.001
0.001	0.001	0.001	0.997
0.001	0.805	0.001	0.193
>AAGCTAGCCTGC	4-AAGCTAGCCTGC	12.355432	-5.919984	0	T:1.0(2.70%),B:1.7(0.01%),P:1e-2	Tpos:107.0,Tstd:0.0,Bpos:191.0,Bstd:0.0,StrandBias:10.0,Multiplicity:1.00
0.700	0.100	0.100	0.100
0.700	0.100	0.100	0.100
0.100	0.100	0.700	0.100
0.100	0.700	0.100	0.100
0.100	0.100	0.100	0.700
0.700	0.100	0.100	0.100
0.100	0.100	0.700	0.100
0.100	0.700	0.100	0.100
0.100	0.700	0.100	0.100
0.100	0.100	0.100	0.700
0.100	0.100	0.700	0.100
0.100	0.700	0.100	0.100
>GGGGGCAGGGTA	5-GGGGGCAGGGTA	12.355432	-5.228144	0	T:1.0(2.70%),B:3.0(0.02%),P:1e-2	Tpos:146.0,Tstd:0.0,Bpos:59.0,Bstd:15.2,StrandBias:10.0,Multiplicity:1.00
0.100	0.100	0.700	0.100
0.100	0.100	0.700	0.100
0.100	0.100	0.700	0.100
0.100	0.100	0.700	0.100
0.100	0.100	0.700	0.100
0.100	0.700	0.100	0.100
0.700	0.100	0.100	0.100
0.100	0.100	0.700	0.100
0.100	0.100	0.700	0.100
0.100	0.100	0.700	0.100
0.100	0.100	0.100	0.700
0.700	0.100	0.100	0.100
