>GAGGCAGGGCGG	1-GAGGCAGGGCGG	13.619726	-25.399640	0	T:6.0(7.41%),B:16.7(0.06%),P:1e-11	Tpos:81.7,Tstd:47.8,Bpos:73.5,Bstd:41.9,StrandBias:2.3,Multiplicity:1.00
0.001	0.180	0.624	0.195
0.997	0.001	0.001	0.001
0.001	0.001	0.997	0.001
0.001	0.001	0.997	0.001
0.001	0.997	0.001	0.001
0.997	0.001	0.001	0.001
0.001	0.001	0.997	0.001
0.001	0.001	0.997	0.001
0.001	0.001	0.997	0.001
0.001	0.638	0.001	0.360
0.001	0.001	0.997	0.001
0.001	0.221	0.777	0.001
>TCYCCTGTGCCA	2-TCYCCTGTGCCA	9.357535	-21.131625	0	T:14.0(17.28%),B:564.8(1.96%),P:1e-9	Tpos:129.9,Tstd:56.4,Bpos:99.9,Bstd:59.8,StrandBias:-0.9,Multiplicity:1.21
0.083	0.001	0.085	0.831
0.001	0.556	0.229	0.214
0.001	0.382	0.166	0.451
0.003	0.923	0.073	0.001
0.148	0.850	0.001	0.001
0.001	0.001	0.001	0.997
0.001	0.067	0.715	0.217
0.001	0.001	0.001	0.997
0.001	0.141	0.692	0.166
0.001	0.688	0.310	0.001
0.001	0.840	0.001	0.158
0.543	0.389	0.001	0.067
>RTGCTCTGTARA	3-RTGCTCTGTARA	9.008404	-20.510629	0	T:7.0(8.64%),B:68.9(0.24%),P:1e-8	Tpos:92.4,Tstd:43.7,Bpos:84.0,Bstd:64.1,StrandBias:0.4,Multiplicity:1.00
0.410	0.085	0.504	0.001
0.410	0.001	0.001	0.588
0.001	0.001	0.997	0.001
0.001	0.997	0.001	0.001
0.001	0.001	0.001	0.997
0.001	0.997	0.001	0.001
0.021	0.001	0.001	0.977
0.001	0.001	0.997	0.001
0.001	0.001	0.001	0.997
0.977	0.021	0.001	0.001
0.495	0.001	0.503	0.001
0.977	0.001	0.021	0.001
>AMCAGAGTTCYA	4-AMCAGAGTTCYA	9.481061	-16.812679	0	T:9.0(11.11%),B:255.8(0.89%),P:1e-7	Tpos:76.3,Tstd:56.7,Bpos:98.3,Bstd:61.8,StrandBias:-2.2,Multiplicity:1.22
0.997	0.001	0.001	0.001
0.470	0.357	0.172	0.001
0.001	0.997	0.001	0.001
0.997	0.001	0.001	0.001
0.195	0.167	0.470	0.167
0.655	0.001	0.172	0.172
0.001	0.001	0.997	0.001
0.001	0.001	0.172	0.826
0.005	0.001	0.167	0.827
0.001	0.997	0.001	0.001
0.183	0.482	0.001	0.334
0.686	0.142	0.167	0.005
>AAACCACAGAAA	5-AAACCACAGAAA	9.737700	-11.971091	0	T:5.0(6.17%),B:90.6(0.32%),P:1e-5	Tpos:101.0,Tstd:47.3,Bpos:99.6,Bstd:68.1,StrandBias:-2.3,Multiplicity:1.20
0.997	0.001	0.001	0.001
0.895	0.001	0.001	0.103
0.997	0.001	0.001	0.001
0.001	0.895	0.001	0.103
0.001	0.997	0.001	0.001
0.997	0.001	0.001	0.001
0.001	0.997	0.001	0.001
0.997	0.001	0.001	0.001
0.001	0.225	0.773	0.001
0.997	0.001	0.001	0.001
0.774	0.224	0.001	0.001
0.776	0.222	0.001	0.001
