>TTTACTGAGC	1-TTTACTGAGC	9.036591	-22.047300	0	T:12.0(14.81%),B:342.4(1.19%),P:1e-9	Tpos:104.6,Tstd:54.7,Bpos:96.3,Bstd:64.5,StrandBias:-0.5,Multiplicity:1.00
0.001	0.001	0.001	0.997
0.001	0.001	0.001	0.997
0.001	0.001	0.187	0.811
0.765	0.001	0.118	0.116
0.001	0.997	0.001	0.001
0.109	0.001	0.001	0.889
0.001	0.123	0.875	0.001
0.877	0.001	0.001	0.121
0.001	0.001	0.997	0.001
0.001	0.884	0.114	0.001
>CGCCCTGCCT	2-CGCCCTGCCT	12.046267	-18.674012	0	T:7.0(8.64%),B:89.5(0.31%),P:1e-8	Tpos:77.4,Tstd:44.8,Bpos:91.3,Bstd:57.6,StrandBias:-2.6,Multiplicity:1.00
0.001	0.997	0.001	0.001
0.274	0.001	0.724	0.001
0.001	0.997	0.001	0.001
0.001	0.997	0.001	0.001
0.001	0.997	0.001	0.001
0.001	0.001	0.001	0.997
0.001	0.001	0.997	0.001
0.001	0.768	0.230	0.001
0.001	0.997	0.001	0.001
0.001	0.001	0.001	0.997
>GAACTTTGGT	3-GAACTTTGGT	10.777341	-18.302660	0	T:7.0(8.64%),B:94.8(0.33%),P:1e-7	Tpos:90.1,Tstd:57.6,Bpos:105.5,Bstd:59.8,StrandBias:1.6,Multiplicity:1.14
0.001	0.001	0.997	0.001
0.997	0.001	0.001	0.001
0.886	0.112	0.001	0.001
0.001	0.846	0.001	0.152
0.143	0.228	0.001	0.628
0.001	0.001	0.118	0.880
0.001	0.001	0.001	0.997
0.001	0.001	0.997	0.001
0.001	0.001	0.886	0.112
0.001	0.001	0.001	0.997
>AGATAATCTC	4-AGATAATCTC	7.661631	-15.745691	0	T:13.0(16.05%),B:734.7(2.56%),P:1e-6	Tpos:90.0,Tstd:49.4,Bpos:101.4,Bstd:68.8,StrandBias:0.0,Multiplicity:1.15
0.718	0.101	0.101	0.080
0.051	0.057	0.891	0.001
0.919	0.003	0.001	0.077
0.071	0.001	0.001	0.927
0.813	0.001	0.001	0.185
0.937	0.001	0.061	0.001
0.042	0.003	0.194	0.761
0.001	0.894	0.051	0.054
0.233	0.171	0.001	0.595
0.001	0.558	0.230	0.211
>TTGGAAAAGG	5-TTGGAAAAGG	10.821497	-15.157328	0	T:7.0(8.64%),B:150.3(0.52%),P:1e-6	Tpos:105.8,Tstd:59.8,Bpos:98.8,Bstd:70.8,StrandBias:0.7,Multiplicity:1.14
0.144	0.001	0.129	0.726
0.001	0.001	0.001	0.997
0.001	0.001	0.997	0.001
0.181	0.001	0.817	0.001
0.883	0.115	0.001	0.001
0.997	0.001	0.001	0.001
0.997	0.001	0.001	0.001
0.997	0.001	0.001	0.001
0.001	0.001	0.997	0.001
0.152	0.001	0.713	0.134
>GAGGCAGGGCGG	1-GAGGCAGGGCGG	13.619726	-25.399640	0	T:6.0(7.41%),B:16.7(0.06%),P:1e-11	Tpos:81.7,Tstd:47.8,Bpos:73.5,Bstd:41.9,StrandBias:2.3,Multiplicity:1.00
0.001	0.180	0.624	0.195
0.997	0.001	0.001	0.001
0.001	0.001	0.997	0.001
0.001	0.001	0.997	0.001
0.001	0.997	0.001	0.001
0.997	0.001	0.001	0.001
0.001	0.001	0.997	0.001
0.001	0.001	0.997	0.001
0.001	0.001	0.997	0.001
0.001	0.638	0.001	0.360
0.001	0.001	0.997	0.001
0.001	0.221	0.777	0.001
>TCYCCTGTGCCA	2-TCYCCTGTGCCA	9.357535	-21.131625	0	T:14.0(17.28%),B:564.8(1.96%),P:1e-9	Tpos:129.9,Tstd:56.4,Bpos:99.9,Bstd:59.8,StrandBias:-0.9,Multiplicity:1.21
0.083	0.001	0.085	0.831
0.001	0.556	0.229	0.214
0.001	0.382	0.166	0.451
0.003	0.923	0.073	0.001
0.148	0.850	0.001	0.001
0.001	0.001	0.001	0.997
0.001	0.067	0.715	0.217
0.001	0.001	0.001	0.997
0.001	0.141	0.692	0.166
0.001	0.688	0.310	0.001
0.001	0.840	0.001	0.158
0.543	0.389	0.001	0.067
>RTGCTCTGTARA	3-RTGCTCTGTARA	9.008404	-20.510629	0	T:7.0(8.64%),B:68.9(0.24%),P:1e-8	Tpos:92.4,Tstd:43.7,Bpos:84.0,Bstd:64.1,StrandBias:0.4,Multiplicity:1.00
0.410	0.085	0.504	0.001
0.410	0.001	0.001	0.588
0.001	0.001	0.997	0.001
0.001	0.997	0.001	0.001
0.001	0.001	0.001	0.997
0.001	0.997	0.001	0.001
0.021	0.001	0.001	0.977
0.001	0.001	0.997	0.001
0.001	0.001	0.001	0.997
0.977	0.021	0.001	0.001
0.495	0.001	0.503	0.001
0.977	0.001	0.021	0.001
>AMCAGAGTTCYA	4-AMCAGAGTTCYA	9.481061	-16.812679	0	T:9.0(11.11%),B:255.8(0.89%),P:1e-7	Tpos:76.3,Tstd:56.7,Bpos:98.3,Bstd:61.8,StrandBias:-2.2,Multiplicity:1.22
0.997	0.001	0.001	0.001
0.470	0.357	0.172	0.001
0.001	0.997	0.001	0.001
0.997	0.001	0.001	0.001
0.195	0.167	0.470	0.167
0.655	0.001	0.172	0.172
0.001	0.001	0.997	0.001
0.001	0.001	0.172	0.826
0.005	0.001	0.167	0.827
0.001	0.997	0.001	0.001
0.183	0.482	0.001	0.334
0.686	0.142	0.167	0.005
>AAACCACAGAAA	5-AAACCACAGAAA	9.737700	-11.971091	0	T:5.0(6.17%),B:90.6(0.32%),P:1e-5	Tpos:101.0,Tstd:47.3,Bpos:99.6,Bstd:68.1,StrandBias:-2.3,Multiplicity:1.20
0.997	0.001	0.001	0.001
0.895	0.001	0.001	0.103
0.997	0.001	0.001	0.001
0.001	0.895	0.001	0.103
0.001	0.997	0.001	0.001
0.997	0.001	0.001	0.001
0.001	0.997	0.001	0.001
0.997	0.001	0.001	0.001
0.001	0.225	0.773	0.001
0.997	0.001	0.001	0.001
0.774	0.224	0.001	0.001
0.776	0.222	0.001	0.001
>KATTAATA	1-KATTAATA	8.185103	-18.104409	0	T:15.0(18.52%),B:845.3(2.94%),P:1e-7	Tpos:102.4,Tstd:50.6,Bpos:96.3,Bstd:78.9,StrandBias:0.9,Multiplicity:1.14
0.001	0.021	0.469	0.509
0.997	0.001	0.001	0.001
0.001	0.001	0.001	0.997
0.001	0.001	0.001	0.997
0.580	0.001	0.418	0.001
0.997	0.001	0.001	0.001
0.001	0.263	0.001	0.735
0.990	0.001	0.001	0.008
>AGCAAATA	2-AGCAAATA	7.955551	-14.980870	0	T:18.0(22.22%),B:1572.3(5.47%),P:1e-6	Tpos:99.2,Tstd:51.9,Bpos:98.7,Bstd:78.3,StrandBias:-1.3,Multiplicity:1.17
0.786	0.001	0.212	0.001
0.118	0.076	0.699	0.107
0.335	0.663	0.001	0.001
0.997	0.001	0.001	0.001
0.804	0.001	0.194	0.001
0.888	0.001	0.110	0.001
0.001	0.001	0.001	0.997
0.997	0.001	0.001	0.001
>AGRCAGGT	3-AGRCAGGT	7.412221	-14.537527	0	T:24.0(29.63%),B:2805.3(9.76%),P:1e-6	Tpos:90.5,Tstd:51.2,Bpos:101.2,Bstd:63.0,StrandBias:0.7,Multiplicity:1.04
0.692	0.001	0.001	0.306
0.287	0.203	0.509	0.001
0.439	0.001	0.514	0.046
0.221	0.777	0.001	0.001
0.997	0.001	0.001	0.001
0.001	0.001	0.997	0.001
0.001	0.001	0.997	0.001
0.001	0.001	0.271	0.727
>GMCACGTG	4-GMCACGTG	6.357884	-14.171700	0	T:35.0(43.21%),B:5533.0(19.25%),P:1e-6	Tpos:102.9,Tstd:52.8,Bpos:99.0,Bstd:59.2,StrandBias:0.4,Multiplicity:1.15
0.001	0.239	0.681	0.079
0.366	0.246	0.194	0.194
0.001	0.933	0.001	0.065
0.667	0.001	0.001	0.331
0.253	0.444	0.230	0.073
0.276	0.156	0.522	0.046
0.044	0.001	0.001	0.954
0.055	0.001	0.935	0.009
>AGATAATC	5-AGATAATC	7.549204	-10.173631	0	T:10.0(12.35%),B:725.5(2.52%),P:1e-4	Tpos:101.8,Tstd:49.9,Bpos:101.5,Bstd:68.6,StrandBias:-0.7,Multiplicity:1.40
0.729	0.046	0.034	0.191
0.001	0.001	0.997	0.001
0.664	0.175	0.001	0.160
0.001	0.001	0.001	0.997
0.646	0.001	0.001	0.352
0.799	0.001	0.199	0.001
0.001	0.001	0.183	0.815
0.001	0.997	0.001	0.001
