>KATTAATA	1-KATTAATA	8.185103	-18.104409	0	T:15.0(18.52%),B:845.3(2.94%),P:1e-7	Tpos:102.4,Tstd:50.6,Bpos:96.3,Bstd:78.9,StrandBias:0.9,Multiplicity:1.14
0.001	0.021	0.469	0.509
0.997	0.001	0.001	0.001
0.001	0.001	0.001	0.997
0.001	0.001	0.001	0.997
0.580	0.001	0.418	0.001
0.997	0.001	0.001	0.001
0.001	0.263	0.001	0.735
0.990	0.001	0.001	0.008
>AGCAAATA	2-AGCAAATA	7.955551	-14.980870	0	T:18.0(22.22%),B:1572.3(5.47%),P:1e-6	Tpos:99.2,Tstd:51.9,Bpos:98.7,Bstd:78.3,StrandBias:-1.3,Multiplicity:1.17
0.786	0.001	0.212	0.001
0.118	0.076	0.699	0.107
0.335	0.663	0.001	0.001
0.997	0.001	0.001	0.001
0.804	0.001	0.194	0.001
0.888	0.001	0.110	0.001
0.001	0.001	0.001	0.997
0.997	0.001	0.001	0.001
>AGRCAGGT	3-AGRCAGGT	7.412221	-14.537527	0	T:24.0(29.63%),B:2805.3(9.76%),P:1e-6	Tpos:90.5,Tstd:51.2,Bpos:101.2,Bstd:63.0,StrandBias:0.7,Multiplicity:1.04
0.692	0.001	0.001	0.306
0.287	0.203	0.509	0.001
0.439	0.001	0.514	0.046
0.221	0.777	0.001	0.001
0.997	0.001	0.001	0.001
0.001	0.001	0.997	0.001
0.001	0.001	0.997	0.001
0.001	0.001	0.271	0.727
>GMCACGTG	4-GMCACGTG	6.357884	-14.171700	0	T:35.0(43.21%),B:5533.0(19.25%),P:1e-6	Tpos:102.9,Tstd:52.8,Bpos:99.0,Bstd:59.2,StrandBias:0.4,Multiplicity:1.15
0.001	0.239	0.681	0.079
0.366	0.246	0.194	0.194
0.001	0.933	0.001	0.065
0.667	0.001	0.001	0.331
0.253	0.444	0.230	0.073
0.276	0.156	0.522	0.046
0.044	0.001	0.001	0.954
0.055	0.001	0.935	0.009
>AGATAATC	5-AGATAATC	7.549204	-10.173631	0	T:10.0(12.35%),B:725.5(2.52%),P:1e-4	Tpos:101.8,Tstd:49.9,Bpos:101.5,Bstd:68.6,StrandBias:-0.7,Multiplicity:1.40
0.729	0.046	0.034	0.191
0.001	0.001	0.997	0.001
0.664	0.175	0.001	0.160
0.001	0.001	0.001	0.997
0.646	0.001	0.001	0.352
0.799	0.001	0.199	0.001
0.001	0.001	0.183	0.815
0.001	0.997	0.001	0.001
