>TTTACTGAGC	1-TTTACTGAGC	9.036591	-22.047300	0	T:12.0(14.81%),B:342.4(1.19%),P:1e-9	Tpos:104.6,Tstd:54.7,Bpos:96.3,Bstd:64.5,StrandBias:-0.5,Multiplicity:1.00
0.001	0.001	0.001	0.997
0.001	0.001	0.001	0.997
0.001	0.001	0.187	0.811
0.765	0.001	0.118	0.116
0.001	0.997	0.001	0.001
0.109	0.001	0.001	0.889
0.001	0.123	0.875	0.001
0.877	0.001	0.001	0.121
0.001	0.001	0.997	0.001
0.001	0.884	0.114	0.001
>CGCCCTGCCT	2-CGCCCTGCCT	12.046267	-18.674012	0	T:7.0(8.64%),B:89.5(0.31%),P:1e-8	Tpos:77.4,Tstd:44.8,Bpos:91.3,Bstd:57.6,StrandBias:-2.6,Multiplicity:1.00
0.001	0.997	0.001	0.001
0.274	0.001	0.724	0.001
0.001	0.997	0.001	0.001
0.001	0.997	0.001	0.001
0.001	0.997	0.001	0.001
0.001	0.001	0.001	0.997
0.001	0.001	0.997	0.001
0.001	0.768	0.230	0.001
0.001	0.997	0.001	0.001
0.001	0.001	0.001	0.997
>GAACTTTGGT	3-GAACTTTGGT	10.777341	-18.302660	0	T:7.0(8.64%),B:94.8(0.33%),P:1e-7	Tpos:90.1,Tstd:57.6,Bpos:105.5,Bstd:59.8,StrandBias:1.6,Multiplicity:1.14
0.001	0.001	0.997	0.001
0.997	0.001	0.001	0.001
0.886	0.112	0.001	0.001
0.001	0.846	0.001	0.152
0.143	0.228	0.001	0.628
0.001	0.001	0.118	0.880
0.001	0.001	0.001	0.997
0.001	0.001	0.997	0.001
0.001	0.001	0.886	0.112
0.001	0.001	0.001	0.997
>AGATAATCTC	4-AGATAATCTC	7.661631	-15.745691	0	T:13.0(16.05%),B:734.7(2.56%),P:1e-6	Tpos:90.0,Tstd:49.4,Bpos:101.4,Bstd:68.8,StrandBias:0.0,Multiplicity:1.15
0.718	0.101	0.101	0.080
0.051	0.057	0.891	0.001
0.919	0.003	0.001	0.077
0.071	0.001	0.001	0.927
0.813	0.001	0.001	0.185
0.937	0.001	0.061	0.001
0.042	0.003	0.194	0.761
0.001	0.894	0.051	0.054
0.233	0.171	0.001	0.595
0.001	0.558	0.230	0.211
>TTGGAAAAGG	5-TTGGAAAAGG	10.821497	-15.157328	0	T:7.0(8.64%),B:150.3(0.52%),P:1e-6	Tpos:105.8,Tstd:59.8,Bpos:98.8,Bstd:70.8,StrandBias:0.7,Multiplicity:1.14
0.144	0.001	0.129	0.726
0.001	0.001	0.001	0.997
0.001	0.001	0.997	0.001
0.181	0.001	0.817	0.001
0.883	0.115	0.001	0.001
0.997	0.001	0.001	0.001
0.997	0.001	0.001	0.001
0.997	0.001	0.001	0.001
0.001	0.001	0.997	0.001
0.152	0.001	0.713	0.134
