>TTGGGTTTGTTT	14-TTGGGTTTGTTT,BestGuess:SRY/MA0084.1/Jaspar(0.655)	12.858812	-17.358324	0	T:4.0(1.40%),B:5.0(0.01%),P:1e-7
0.001	0.097	0.204	0.698
0.363	0.001	0.002	0.634
0.104	0.001	0.891	0.004
0.005	0.001	0.766	0.228
0.228	0.001	0.770	0.001
0.199	0.001	0.001	0.799
0.001	0.001	0.106	0.892
0.001	0.121	0.002	0.876
0.005	0.325	0.667	0.003
0.001	0.002	0.228	0.769
0.002	0.121	0.001	0.876
0.382	0.002	0.003	0.613
