>ATTTTTTTTTTT	15-ATTTTTTTTTTT	10.242643	-8.352457	0	T:22.0(7.72%),B:1610.4(3.30%),P:1e-3
0.580	0.115	0.044	0.261
0.042	0.154	0.030	0.774
0.064	0.169	0.001	0.766
0.083	0.031	0.095	0.791
0.056	0.125	0.001	0.818
0.019	0.001	0.001	0.979
0.081	0.001	0.039	0.879
0.052	0.010	0.001	0.937
0.026	0.001	0.057	0.916
0.023	0.126	0.001	0.850
0.020	0.094	0.001	0.885
0.043	0.122	0.001	0.834
