>GGCAGGGCAGGG	7-GGCAGGGCAGGG,BestGuess:ZNF467(Zf)/HEK293-ZNF467.GFP-ChIP-Seq(GSE58341)/Homer(0.656)	9.034265	-27.031137	0	T:40.0(14.04%),B:1861.0(3.81%),P:1e-11
0.037	0.074	0.807	0.082
0.134	0.021	0.793	0.052
0.027	0.553	0.344	0.076
0.785	0.031	0.063	0.121
0.001	0.001	0.932	0.066
0.215	0.001	0.737	0.047
0.047	0.029	0.891	0.033
0.192	0.458	0.263	0.087
0.782	0.001	0.048	0.169
0.001	0.041	0.924	0.034
0.001	0.001	0.934	0.064
0.256	0.034	0.547	0.163
