>GCAGGAAGTGGC	6-GCAGGAAGTGGC,BestGuess:ELF3/MA0640.2/Jaspar(0.896)	9.473880	-27.523528	0	T:22.0(7.72%),B:522.0(1.07%),P:1e-11
0.054	0.144	0.759	0.043
0.091	0.749	0.106	0.054
0.945	0.001	0.001	0.053
0.053	0.001	0.945	0.001
0.053	0.001	0.945	0.001
0.702	0.056	0.188	0.054
0.891	0.054	0.001	0.054
0.037	0.001	0.908	0.054
0.002	0.054	0.039	0.905
0.001	0.001	0.734	0.264
0.001	0.185	0.772	0.042
0.114	0.756	0.098	0.032
