>GCCACTTCCTGC	6-GCAGGAAGTGGC	9.473880	-27.523528	0	T:22.0(7.72%),B:522.0(1.07%),P:1e-11
0.032	0.098	0.756	0.114
0.042	0.772	0.185	0.001
0.264	0.734	0.001	0.001
0.905	0.039	0.054	0.002
0.054	0.908	0.001	0.037
0.054	0.001	0.054	0.891
0.054	0.188	0.056	0.702
0.001	0.945	0.001	0.053
0.001	0.945	0.001	0.053
0.053	0.001	0.001	0.945
0.054	0.106	0.749	0.091
0.043	0.759	0.144	0.054
