>TTAATGTTTAAC	4-TTAATGTTTAAC	7.266033	-43.920061	0	T:50.0(17.54%),B:1807.6(3.70%),P:1e-19
0.090	0.046	0.077	0.787
0.145	0.057	0.114	0.684
0.879	0.015	0.044	0.062
0.769	0.112	0.031	0.088
0.267	0.015	0.059	0.659
0.114	0.145	0.626	0.115
0.209	0.061	0.031	0.699
0.031	0.059	0.090	0.820
0.061	0.077	0.001	0.861
0.720	0.031	0.138	0.111
0.778	0.089	0.061	0.072
0.157	0.722	0.044	0.077
