>CCCTGCCCTGCC	7-GGCAGGGCAGGG	9.034265	-27.031137	0	T:40.0(14.04%),B:1861.0(3.81%),P:1e-11
0.163	0.547	0.034	0.256
0.064	0.934	0.001	0.001
0.034	0.924	0.041	0.001
0.169	0.048	0.001	0.782
0.087	0.263	0.458	0.192
0.033	0.891	0.029	0.047
0.047	0.737	0.001	0.215
0.066	0.932	0.001	0.001
0.121	0.063	0.031	0.785
0.076	0.344	0.553	0.027
0.052	0.793	0.021	0.134
0.082	0.807	0.074	0.037
