>AATTTTGG	1-AATTTTGG	6.986533	-18.813158	0	T:20.0(20.62%),B:1297.2(4.37%),P:1e-8	Tpos:104.2,Tstd:60.4,Bpos:99.2,Bstd:62.7,StrandBias:-0.3,Multiplicity:1.10
0.921	0.001	0.001	0.077
0.812	0.036	0.001	0.151
0.052	0.001	0.162	0.785
0.001	0.033	0.034	0.932
0.057	0.001	0.039	0.903
0.001	0.123	0.039	0.837
0.046	0.001	0.952	0.001
0.001	0.052	0.900	0.047
>CCTGAAYG	2-CCTGAAYG	6.648459	-15.716804	0	T:31.0(31.96%),B:3529.9(11.89%),P:1e-6	Tpos:102.8,Tstd:52.2,Bpos:98.8,Bstd:63.5,StrandBias:0.1,Multiplicity:1.06
0.001	0.772	0.061	0.166
0.117	0.839	0.001	0.043
0.071	0.001	0.001	0.927
0.051	0.001	0.904	0.044
0.953	0.001	0.045	0.001
0.696	0.065	0.238	0.001
0.177	0.446	0.001	0.377
0.001	0.138	0.520	0.341
>GCTCTTGG	3-GCTCTTGG	8.099819	-10.524329	0	T:16.0(16.49%),B:1493.0(5.03%),P:1e-4	Tpos:87.1,Tstd:54.2,Bpos:101.2,Bstd:63.8,StrandBias:-1.1,Multiplicity:1.00
0.001	0.001	0.590	0.408
0.001	0.997	0.001	0.001
0.001	0.199	0.167	0.633
0.289	0.595	0.115	0.001
0.108	0.001	0.001	0.890
0.001	0.001	0.001	0.997
0.026	0.001	0.972	0.001
0.001	0.001	0.997	0.001
>GKCCCWTC	4-GKCCCWTC	7.173297	-8.874963	0	T:26.0(26.80%),B:3761.8(12.68%),P:1e-3	Tpos:106.3,Tstd:56.9,Bpos:101.1,Bstd:67.7,StrandBias:-0.6,Multiplicity:1.27
0.104	0.125	0.770	0.001
0.158	0.188	0.397	0.257
0.001	0.997	0.001	0.001
0.001	0.997	0.001	0.001
0.001	0.997	0.001	0.001
0.342	0.204	0.001	0.453
0.001	0.001	0.001	0.997
0.001	0.682	0.316	0.001
>TAAAAAWA	5-TAAAAAWA	8.811285	-3.862772	0	T:10.0(10.31%),B:1458.4(4.91%),P:1e-1	Tpos:104.9,Tstd:63.4,Bpos:99.7,Bstd:67.1,StrandBias:0.2,Multiplicity:1.30
0.392	0.001	0.001	0.606
0.814	0.001	0.001	0.184
0.997	0.001	0.001	0.001
0.910	0.088	0.001	0.001
0.997	0.001	0.001	0.001
0.997	0.001	0.001	0.001
0.386	0.001	0.137	0.475
0.749	0.249	0.001	0.001
