>GCTCAGTGCCTA	1-GCTCAGTGCCTA	14.640156	-23.366893	0	T:4.0(4.12%),B:2.4(0.01%),P:1e-10	Tpos:110.2,Tstd:63.7,Bpos:138.6,Bstd:33.1,StrandBias:0.0,Multiplicity:1.00
0.001	0.001	0.749	0.249
0.001	0.997	0.001	0.001
0.001	0.001	0.001	0.997
0.001	0.997	0.001	0.001
0.997	0.001	0.001	0.001
0.001	0.249	0.749	0.001
0.001	0.001	0.001	0.997
0.001	0.001	0.997	0.001
0.001	0.997	0.001	0.001
0.001	0.997	0.001	0.001
0.001	0.001	0.001	0.997
0.749	0.001	0.249	0.001
>CAGTGGKTYGYC	2-CAGTGGKTYGYC	8.697593	-19.671058	0	T:6.0(6.19%),B:36.6(0.12%),P:1e-8	Tpos:121.3,Tstd:49.3,Bpos:91.4,Bstd:57.7,StrandBias:2.3,Multiplicity:1.00
0.001	0.997	0.001	0.001
0.997	0.001	0.001	0.001
0.001	0.001	0.997	0.001
0.001	0.001	0.001	0.997
0.001	0.001	0.997	0.001
0.001	0.001	0.997	0.001
0.001	0.020	0.460	0.519
0.001	0.017	0.001	0.981
0.080	0.460	0.001	0.460
0.001	0.001	0.997	0.001
0.001	0.518	0.001	0.480
0.001	0.997	0.001	0.001
>CWGTKTGCACTG	3-CWGTKTGCACTG	11.856905	-19.257006	0	T:7.0(7.22%),B:70.1(0.24%),P:1e-8	Tpos:109.6,Tstd:23.7,Bpos:98.7,Bstd:61.2,StrandBias:1.6,Multiplicity:1.14
0.001	0.997	0.001	0.001
0.491	0.001	0.001	0.507
0.001	0.001	0.997	0.001
0.001	0.001	0.001	0.997
0.001	0.001	0.491	0.507
0.001	0.001	0.001	0.997
0.131	0.001	0.737	0.131
0.001	0.997	0.001	0.001
0.997	0.001	0.001	0.001
0.001	0.638	0.360	0.001
0.001	0.001	0.001	0.997
0.130	0.001	0.868	0.001
>GGTTTCTGAAKC	4-GGTTTCTGAAKC	9.429063	-14.938888	0	T:9.0(9.28%),B:273.9(0.92%),P:1e-6	Tpos:71.5,Tstd:58.2,Bpos:93.5,Bstd:57.7,StrandBias:0.3,Multiplicity:1.00
0.059	0.059	0.823	0.059
0.001	0.122	0.876	0.001
0.163	0.177	0.118	0.542
0.170	0.064	0.001	0.765
0.001	0.118	0.052	0.829
0.059	0.764	0.059	0.118
0.351	0.001	0.001	0.647
0.001	0.117	0.881	0.001
0.997	0.001	0.001	0.001
0.582	0.059	0.177	0.182
0.177	0.001	0.347	0.475
0.118	0.822	0.001	0.059
>TTTTTTTTTTAA	5-TTTTTTTTTTAA	10.666703	-7.746908	0	T:10.0(10.31%),B:838.0(2.82%),P:1e-3	Tpos:98.4,Tstd:53.5,Bpos:102.1,Bstd:72.0,StrandBias:-0.7,Multiplicity:1.10
0.078	0.003	0.185	0.734
0.001	0.001	0.001	0.997
0.001	0.001	0.001	0.997
0.001	0.001	0.001	0.997
0.001	0.078	0.043	0.878
0.001	0.001	0.046	0.952
0.078	0.056	0.001	0.865
0.235	0.003	0.001	0.761
0.078	0.046	0.063	0.813
0.368	0.001	0.106	0.525
0.677	0.011	0.119	0.193
0.806	0.003	0.045	0.146
