>GAGGTGGATG	1-GAGGTGGATG	10.889711	-19.591143	0	T:8.0(8.25%),B:107.1(0.36%),P:1e-8	Tpos:81.5,Tstd:52.5,Bpos:101.1,Bstd:64.6,StrandBias:1.6,Multiplicity:1.00
0.001	0.001	0.997	0.001
0.713	0.001	0.129	0.157
0.001	0.001	0.997	0.001
0.001	0.152	0.846	0.001
0.001	0.001	0.001	0.997
0.001	0.001	0.805	0.193
0.001	0.001	0.997	0.001
0.906	0.001	0.092	0.001
0.118	0.001	0.001	0.880
0.001	0.001	0.997	0.001
>TGGGATTCAG	2-TGGGATTCAG	10.379437	-17.798825	0	T:10.0(10.31%),B:263.1(0.89%),P:1e-7	Tpos:90.4,Tstd:55.3,Bpos:103.4,Bstd:65.1,StrandBias:0.6,Multiplicity:1.00
0.001	0.001	0.137	0.861
0.001	0.150	0.848	0.001
0.001	0.001	0.997	0.001
0.089	0.086	0.824	0.001
0.726	0.074	0.111	0.089
0.001	0.001	0.001	0.997
0.001	0.001	0.078	0.920
0.001	0.997	0.001	0.001
0.912	0.001	0.001	0.086
0.001	0.001	0.997	0.001
>GAGAGCAAGC	3-GAGAGCAAGC	9.570110	-17.428898	0	T:11.0(11.34%),B:354.2(1.19%),P:1e-7	Tpos:115.3,Tstd:55.5,Bpos:105.2,Bstd:62.8,StrandBias:0.5,Multiplicity:1.00
0.001	0.142	0.856	0.001
0.845	0.001	0.001	0.153
0.154	0.001	0.807	0.038
0.997	0.001	0.001	0.001
0.001	0.001	0.997	0.001
0.001	0.997	0.001	0.001
0.800	0.001	0.001	0.198
0.865	0.001	0.133	0.001
0.001	0.001	0.997	0.001
0.001	0.834	0.144	0.021
>CTCCTCTCTC	4-CTCCTCTCTC	10.135339	-15.089214	0	T:11.0(11.34%),B:448.9(1.51%),P:1e-6	Tpos:91.0,Tstd:42.1,Bpos:101.6,Bstd:71.5,StrandBias:1.0,Multiplicity:1.00
0.001	0.949	0.001	0.049
0.001	0.066	0.114	0.819
0.001	0.938	0.001	0.060
0.001	0.935	0.001	0.063
0.001	0.069	0.001	0.929
0.001	0.936	0.062	0.001
0.083	0.036	0.001	0.880
0.116	0.882	0.001	0.001
0.095	0.001	0.001	0.903
0.001	0.874	0.049	0.076
>TGGCGGGCAG	5-TGGCGGGCAG	9.484672	-14.872722	0	T:12.0(12.37%),B:563.1(1.90%),P:1e-6	Tpos:93.9,Tstd:55.0,Bpos:96.1,Bstd:69.4,StrandBias:-0.4,Multiplicity:1.17
0.127	0.001	0.110	0.762
0.001	0.001	0.997	0.001
0.001	0.001	0.997	0.001
0.078	0.836	0.001	0.085
0.001	0.001	0.850	0.148
0.001	0.001	0.997	0.001
0.001	0.132	0.866	0.001
0.001	0.997	0.001	0.001
0.842	0.001	0.001	0.156
0.001	0.001	0.997	0.001
>AAAAATACTC	6-AAAAATACTC	9.908240	-11.571958	0	T:5.0(5.15%),B:84.7(0.29%),P:1e-5	Tpos:128.6,Tstd:56.0,Bpos:103.5,Bstd:64.3,StrandBias:-2.0,Multiplicity:1.00
0.868	0.074	0.027	0.031
0.834	0.033	0.075	0.058
0.961	0.001	0.037	0.001
0.898	0.071	0.030	0.001
0.915	0.001	0.043	0.041
0.151	0.088	0.096	0.665
0.717	0.057	0.168	0.058
0.144	0.725	0.098	0.033
0.078	0.110	0.129	0.683
0.056	0.743	0.059	0.142
>GCTCAGTGCCTA	1-GCTCAGTGCCTA	14.640156	-23.366893	0	T:4.0(4.12%),B:2.4(0.01%),P:1e-10	Tpos:110.2,Tstd:63.7,Bpos:138.6,Bstd:33.1,StrandBias:0.0,Multiplicity:1.00
0.001	0.001	0.749	0.249
0.001	0.997	0.001	0.001
0.001	0.001	0.001	0.997
0.001	0.997	0.001	0.001
0.997	0.001	0.001	0.001
0.001	0.249	0.749	0.001
0.001	0.001	0.001	0.997
0.001	0.001	0.997	0.001
0.001	0.997	0.001	0.001
0.001	0.997	0.001	0.001
0.001	0.001	0.001	0.997
0.749	0.001	0.249	0.001
>CAGTGGKTYGYC	2-CAGTGGKTYGYC	8.697593	-19.671058	0	T:6.0(6.19%),B:36.6(0.12%),P:1e-8	Tpos:121.3,Tstd:49.3,Bpos:91.4,Bstd:57.7,StrandBias:2.3,Multiplicity:1.00
0.001	0.997	0.001	0.001
0.997	0.001	0.001	0.001
0.001	0.001	0.997	0.001
0.001	0.001	0.001	0.997
0.001	0.001	0.997	0.001
0.001	0.001	0.997	0.001
0.001	0.020	0.460	0.519
0.001	0.017	0.001	0.981
0.080	0.460	0.001	0.460
0.001	0.001	0.997	0.001
0.001	0.518	0.001	0.480
0.001	0.997	0.001	0.001
>CWGTKTGCACTG	3-CWGTKTGCACTG	11.856905	-19.257006	0	T:7.0(7.22%),B:70.1(0.24%),P:1e-8	Tpos:109.6,Tstd:23.7,Bpos:98.7,Bstd:61.2,StrandBias:1.6,Multiplicity:1.14
0.001	0.997	0.001	0.001
0.491	0.001	0.001	0.507
0.001	0.001	0.997	0.001
0.001	0.001	0.001	0.997
0.001	0.001	0.491	0.507
0.001	0.001	0.001	0.997
0.131	0.001	0.737	0.131
0.001	0.997	0.001	0.001
0.997	0.001	0.001	0.001
0.001	0.638	0.360	0.001
0.001	0.001	0.001	0.997
0.130	0.001	0.868	0.001
>GGTTTCTGAAKC	4-GGTTTCTGAAKC	9.429063	-14.938888	0	T:9.0(9.28%),B:273.9(0.92%),P:1e-6	Tpos:71.5,Tstd:58.2,Bpos:93.5,Bstd:57.7,StrandBias:0.3,Multiplicity:1.00
0.059	0.059	0.823	0.059
0.001	0.122	0.876	0.001
0.163	0.177	0.118	0.542
0.170	0.064	0.001	0.765
0.001	0.118	0.052	0.829
0.059	0.764	0.059	0.118
0.351	0.001	0.001	0.647
0.001	0.117	0.881	0.001
0.997	0.001	0.001	0.001
0.582	0.059	0.177	0.182
0.177	0.001	0.347	0.475
0.118	0.822	0.001	0.059
>TTTTTTTTTTAA	5-TTTTTTTTTTAA	10.666703	-7.746908	0	T:10.0(10.31%),B:838.0(2.82%),P:1e-3	Tpos:98.4,Tstd:53.5,Bpos:102.1,Bstd:72.0,StrandBias:-0.7,Multiplicity:1.10
0.078	0.003	0.185	0.734
0.001	0.001	0.001	0.997
0.001	0.001	0.001	0.997
0.001	0.001	0.001	0.997
0.001	0.078	0.043	0.878
0.001	0.001	0.046	0.952
0.078	0.056	0.001	0.865
0.235	0.003	0.001	0.761
0.078	0.046	0.063	0.813
0.368	0.001	0.106	0.525
0.677	0.011	0.119	0.193
0.806	0.003	0.045	0.146
>AATTTTGG	1-AATTTTGG	6.986533	-18.813158	0	T:20.0(20.62%),B:1297.2(4.37%),P:1e-8	Tpos:104.2,Tstd:60.4,Bpos:99.2,Bstd:62.7,StrandBias:-0.3,Multiplicity:1.10
0.921	0.001	0.001	0.077
0.812	0.036	0.001	0.151
0.052	0.001	0.162	0.785
0.001	0.033	0.034	0.932
0.057	0.001	0.039	0.903
0.001	0.123	0.039	0.837
0.046	0.001	0.952	0.001
0.001	0.052	0.900	0.047
>CCTGAAYG	2-CCTGAAYG	6.648459	-15.716804	0	T:31.0(31.96%),B:3529.9(11.89%),P:1e-6	Tpos:102.8,Tstd:52.2,Bpos:98.8,Bstd:63.5,StrandBias:0.1,Multiplicity:1.06
0.001	0.772	0.061	0.166
0.117	0.839	0.001	0.043
0.071	0.001	0.001	0.927
0.051	0.001	0.904	0.044
0.953	0.001	0.045	0.001
0.696	0.065	0.238	0.001
0.177	0.446	0.001	0.377
0.001	0.138	0.520	0.341
>GCTCTTGG	3-GCTCTTGG	8.099819	-10.524329	0	T:16.0(16.49%),B:1493.0(5.03%),P:1e-4	Tpos:87.1,Tstd:54.2,Bpos:101.2,Bstd:63.8,StrandBias:-1.1,Multiplicity:1.00
0.001	0.001	0.590	0.408
0.001	0.997	0.001	0.001
0.001	0.199	0.167	0.633
0.289	0.595	0.115	0.001
0.108	0.001	0.001	0.890
0.001	0.001	0.001	0.997
0.026	0.001	0.972	0.001
0.001	0.001	0.997	0.001
>GKCCCWTC	4-GKCCCWTC	7.173297	-8.874963	0	T:26.0(26.80%),B:3761.8(12.68%),P:1e-3	Tpos:106.3,Tstd:56.9,Bpos:101.1,Bstd:67.7,StrandBias:-0.6,Multiplicity:1.27
0.104	0.125	0.770	0.001
0.158	0.188	0.397	0.257
0.001	0.997	0.001	0.001
0.001	0.997	0.001	0.001
0.001	0.997	0.001	0.001
0.342	0.204	0.001	0.453
0.001	0.001	0.001	0.997
0.001	0.682	0.316	0.001
>TAAAAAWA	5-TAAAAAWA	8.811285	-3.862772	0	T:10.0(10.31%),B:1458.4(4.91%),P:1e-1	Tpos:104.9,Tstd:63.4,Bpos:99.7,Bstd:67.1,StrandBias:0.2,Multiplicity:1.30
0.392	0.001	0.001	0.606
0.814	0.001	0.001	0.184
0.997	0.001	0.001	0.001
0.910	0.088	0.001	0.001
0.997	0.001	0.001	0.001
0.997	0.001	0.001	0.001
0.386	0.001	0.137	0.475
0.749	0.249	0.001	0.001
