>GAGGTGGATG	1-GAGGTGGATG	10.889711	-19.591143	0	T:8.0(8.25%),B:107.1(0.36%),P:1e-8	Tpos:81.5,Tstd:52.5,Bpos:101.1,Bstd:64.6,StrandBias:1.6,Multiplicity:1.00
0.001	0.001	0.997	0.001
0.713	0.001	0.129	0.157
0.001	0.001	0.997	0.001
0.001	0.152	0.846	0.001
0.001	0.001	0.001	0.997
0.001	0.001	0.805	0.193
0.001	0.001	0.997	0.001
0.906	0.001	0.092	0.001
0.118	0.001	0.001	0.880
0.001	0.001	0.997	0.001
>TGGGATTCAG	2-TGGGATTCAG	10.379437	-17.798825	0	T:10.0(10.31%),B:263.1(0.89%),P:1e-7	Tpos:90.4,Tstd:55.3,Bpos:103.4,Bstd:65.1,StrandBias:0.6,Multiplicity:1.00
0.001	0.001	0.137	0.861
0.001	0.150	0.848	0.001
0.001	0.001	0.997	0.001
0.089	0.086	0.824	0.001
0.726	0.074	0.111	0.089
0.001	0.001	0.001	0.997
0.001	0.001	0.078	0.920
0.001	0.997	0.001	0.001
0.912	0.001	0.001	0.086
0.001	0.001	0.997	0.001
>GAGAGCAAGC	3-GAGAGCAAGC	9.570110	-17.428898	0	T:11.0(11.34%),B:354.2(1.19%),P:1e-7	Tpos:115.3,Tstd:55.5,Bpos:105.2,Bstd:62.8,StrandBias:0.5,Multiplicity:1.00
0.001	0.142	0.856	0.001
0.845	0.001	0.001	0.153
0.154	0.001	0.807	0.038
0.997	0.001	0.001	0.001
0.001	0.001	0.997	0.001
0.001	0.997	0.001	0.001
0.800	0.001	0.001	0.198
0.865	0.001	0.133	0.001
0.001	0.001	0.997	0.001
0.001	0.834	0.144	0.021
>CTCCTCTCTC	4-CTCCTCTCTC	10.135339	-15.089214	0	T:11.0(11.34%),B:448.9(1.51%),P:1e-6	Tpos:91.0,Tstd:42.1,Bpos:101.6,Bstd:71.5,StrandBias:1.0,Multiplicity:1.00
0.001	0.949	0.001	0.049
0.001	0.066	0.114	0.819
0.001	0.938	0.001	0.060
0.001	0.935	0.001	0.063
0.001	0.069	0.001	0.929
0.001	0.936	0.062	0.001
0.083	0.036	0.001	0.880
0.116	0.882	0.001	0.001
0.095	0.001	0.001	0.903
0.001	0.874	0.049	0.076
>TGGCGGGCAG	5-TGGCGGGCAG	9.484672	-14.872722	0	T:12.0(12.37%),B:563.1(1.90%),P:1e-6	Tpos:93.9,Tstd:55.0,Bpos:96.1,Bstd:69.4,StrandBias:-0.4,Multiplicity:1.17
0.127	0.001	0.110	0.762
0.001	0.001	0.997	0.001
0.001	0.001	0.997	0.001
0.078	0.836	0.001	0.085
0.001	0.001	0.850	0.148
0.001	0.001	0.997	0.001
0.001	0.132	0.866	0.001
0.001	0.997	0.001	0.001
0.842	0.001	0.001	0.156
0.001	0.001	0.997	0.001
>AAAAATACTC	6-AAAAATACTC	9.908240	-11.571958	0	T:5.0(5.15%),B:84.7(0.29%),P:1e-5	Tpos:128.6,Tstd:56.0,Bpos:103.5,Bstd:64.3,StrandBias:-2.0,Multiplicity:1.00
0.868	0.074	0.027	0.031
0.834	0.033	0.075	0.058
0.961	0.001	0.037	0.001
0.898	0.071	0.030	0.001
0.915	0.001	0.043	0.041
0.151	0.088	0.096	0.665
0.717	0.057	0.168	0.058
0.144	0.725	0.098	0.033
0.078	0.110	0.129	0.683
0.056	0.743	0.059	0.142
