>AAAATCAATA	1-AAAATCAATA	10.476509	-21.271501	0	T:9.0(13.24%),B:306.2(0.63%),P:1e-9	Tpos:113.9,Tstd:59.1,Bpos:99.2,Bstd:65.4,StrandBias:0.3,Multiplicity:1.00
0.626	0.134	0.114	0.126
0.997	0.001	0.001	0.001
0.878	0.120	0.001	0.001
0.997	0.001	0.001	0.001
0.091	0.001	0.001	0.907
0.001	0.888	0.110	0.001
0.997	0.001	0.001	0.001
0.997	0.001	0.001	0.001
0.087	0.001	0.001	0.911
0.889	0.001	0.109	0.001
>ACAAGGCCTT	2-ACAAGGCCTT	10.485699	-19.069730	0	T:8.0(11.76%),B:270.8(0.56%),P:1e-8	Tpos:76.7,Tstd:48.9,Bpos:96.8,Bstd:63.8,StrandBias:0.0,Multiplicity:1.00
0.834	0.081	0.084	0.001
0.001	0.997	0.001	0.001
0.997	0.001	0.001	0.001
0.703	0.122	0.091	0.084
0.084	0.001	0.914	0.001
0.001	0.001	0.997	0.001
0.001	0.997	0.001	0.001
0.124	0.789	0.001	0.086
0.001	0.001	0.154	0.844
0.001	0.001	0.001	0.997
>GTGACTCATT	3-GTGACTCATT	6.404373	-19.044069	0	T:29.0(42.65%),B:6633.5(13.73%),P:1e-8	Tpos:107.3,Tstd:54.4,Bpos:99.8,Bstd:62.4,StrandBias:0.5,Multiplicity:1.24
0.100	0.100	0.700	0.100
0.100	0.100	0.100	0.700
0.100	0.100	0.700	0.100
0.700	0.100	0.100	0.100
0.100	0.700	0.100	0.100
0.100	0.100	0.100	0.700
0.100	0.700	0.100	0.100
0.700	0.100	0.100	0.100
0.100	0.100	0.100	0.700
0.100	0.100	0.100	0.700
>CCAGCCAGCC	4-CCAGCCAGCC	8.777341	-17.095455	0	T:11.0(16.18%),B:868.3(1.80%),P:1e-7	Tpos:111.0,Tstd:57.9,Bpos:98.6,Bstd:66.1,StrandBias:1.5,Multiplicity:1.00
0.075	0.923	0.001	0.001
0.001	0.864	0.134	0.001
0.899	0.001	0.025	0.075
0.001	0.001	0.997	0.001
0.094	0.734	0.068	0.104
0.001	0.997	0.001	0.001
0.872	0.001	0.126	0.001
0.106	0.001	0.892	0.001
0.104	0.824	0.071	0.001
0.001	0.997	0.001	0.001
>GGTTCTTATC	5-GGTTCTTATC	11.223478	-16.816243	0	T:5.0(7.35%),B:67.0(0.14%),P:1e-7	Tpos:97.5,Tstd:55.9,Bpos:92.8,Bstd:59.5,StrandBias:1.0,Multiplicity:1.20
0.001	0.001	0.842	0.156
0.001	0.001	0.794	0.204
0.001	0.001	0.001	0.997
0.001	0.001	0.268	0.730
0.001	0.997	0.001	0.001
0.194	0.001	0.001	0.804
0.001	0.001	0.001	0.997
0.997	0.001	0.001	0.001
0.001	0.001	0.001	0.997
0.001	0.997	0.001	0.001
>CCTCCTGAGC	6-CCTCCTGAGC	10.594638	-15.523738	0	T:8.0(11.76%),B:431.0(0.89%),P:1e-6	Tpos:120.3,Tstd:50.3,Bpos:95.0,Bstd:59.2,StrandBias:-0.3,Multiplicity:1.12
0.001	0.787	0.110	0.102
0.001	0.838	0.160	0.001
0.110	0.001	0.001	0.888
0.001	0.905	0.093	0.001
0.001	0.997	0.001	0.001
0.107	0.001	0.001	0.891
0.001	0.001	0.997	0.001
0.997	0.001	0.001	0.001
0.001	0.001	0.997	0.001
0.102	0.794	0.103	0.001
>TCCACTAGTCTT	1-TCCACTAGTCTT	15.096400	-21.534847	0	T:3.0(4.41%),B:0.5(0.00%),P:1e-9	Tpos:87.3,Tstd:33.5,Bpos:62.0,Bstd:0.0,StrandBias:10.0,Multiplicity:1.00
0.001	0.001	0.001	0.997
0.001	0.997	0.001	0.001
0.001	0.997	0.001	0.001
0.997	0.001	0.001	0.001
0.001	0.997	0.001	0.001
0.001	0.001	0.001	0.997
0.666	0.001	0.332	0.001
0.001	0.332	0.666	0.001
0.001	0.001	0.001	0.997
0.001	0.997	0.001	0.001
0.001	0.001	0.001	0.997
0.001	0.001	0.001	0.997
>CTTGTVAMTGTA	2-CTTGTVAMTGTA	10.249422	-18.739024	0	T:6.0(8.82%),B:99.9(0.21%),P:1e-8	Tpos:102.0,Tstd:55.7,Bpos:95.3,Bstd:57.3,StrandBias:1.0,Multiplicity:1.00
0.001	0.861	0.001	0.137
0.001	0.004	0.001	0.994
0.001	0.001	0.175	0.823
0.176	0.137	0.506	0.181
0.010	0.181	0.001	0.808
0.356	0.335	0.308	0.001
0.685	0.313	0.001	0.001
0.494	0.500	0.001	0.005
0.001	0.001	0.180	0.818
0.180	0.001	0.818	0.001
0.142	0.001	0.001	0.856
0.505	0.314	0.005	0.176
>GCCTACAGCATG	3-GCCTACAGCATG	15.001653	-16.710569	0	T:3.0(4.41%),B:6.0(0.01%),P:1e-7	Tpos:81.8,Tstd:41.6,Bpos:79.5,Bstd:41.0,StrandBias:-1.6,Multiplicity:1.33
0.001	0.001	0.997	0.001
0.001	0.997	0.001	0.001
0.001	0.653	0.001	0.345
0.001	0.001	0.001	0.997
0.690	0.001	0.308	0.001
0.001	0.997	0.001	0.001
0.997	0.001	0.001	0.001
0.001	0.001	0.997	0.001
0.001	0.997	0.001	0.001
0.997	0.001	0.001	0.001
0.001	0.001	0.001	0.997
0.001	0.001	0.997	0.001
>AAGGCCTTCCCC	4-AAGGCCTTCCCC	7.584460	-15.448122	0	T:17.0(25.00%),B:2757.0(5.71%),P:1e-6	Tpos:77.2,Tstd:50.6,Bpos:98.2,Bstd:60.5,StrandBias:-0.2,Multiplicity:1.12
0.642	0.229	0.001	0.128
0.789	0.001	0.001	0.209
0.168	0.001	0.830	0.001
0.001	0.203	0.726	0.070
0.001	0.877	0.052	0.070
0.191	0.688	0.070	0.051
0.070	0.089	0.001	0.840
0.070	0.128	0.053	0.749
0.001	0.607	0.149	0.243
0.001	0.850	0.079	0.070
0.140	0.789	0.070	0.001
0.140	0.619	0.070	0.171
>CTAHAACWTKCT	5-CTAHAACWTKCT	7.788979	-12.392540	0	T:11.0(16.18%),B:1404.5(2.91%),P:1e-5	Tpos:101.8,Tstd:65.2,Bpos:102.3,Bstd:59.3,StrandBias:0.5,Multiplicity:1.10
0.227	0.492	0.229	0.051
0.156	0.342	0.001	0.501
0.558	0.110	0.275	0.057
0.346	0.318	0.057	0.279
0.735	0.207	0.057	0.001
0.775	0.057	0.167	0.001
0.001	0.822	0.001	0.176
0.446	0.048	0.001	0.505
0.102	0.057	0.004	0.837
0.001	0.109	0.438	0.452
0.118	0.822	0.001	0.059
0.051	0.057	0.001	0.891
>TGAGTCAT	1-TGAGTCAT	6.404856	-26.381176	0	T:17.0(25.00%),B:1329.4(2.75%),P:1e-11	Tpos:128.6,Tstd:52.8,Bpos:100.9,Bstd:61.5,StrandBias:-0.3,Multiplicity:1.06
0.001	0.001	0.001	0.997
0.001	0.001	0.997	0.001
0.997	0.001	0.001	0.001
0.001	0.116	0.882	0.001
0.001	0.001	0.001	0.997
0.001	0.997	0.001	0.001
0.997	0.001	0.001	0.001
0.001	0.081	0.057	0.861
>TTATTTAC	2-TTATTTAC	4.646702	-25.073153	0	T:52.0(76.47%),B:17425.7(36.07%),P:1e-10	Tpos:105.8,Tstd:52.2,Bpos:100.4,Bstd:63.9,StrandBias:-0.2,Multiplicity:1.67
0.112	0.035	0.039	0.814
0.144	0.103	0.082	0.671
0.774	0.062	0.107	0.057
0.083	0.093	0.131	0.693
0.025	0.080	0.049	0.846
0.115	0.094	0.089	0.702
0.754	0.074	0.127	0.045
0.100	0.756	0.052	0.092
>YCGGGATT	3-YCGGGATT	7.045725	-11.703400	0	T:9.0(13.24%),B:960.3(1.99%),P:1e-5	Tpos:109.5,Tstd:39.0,Bpos:99.9,Bstd:61.1,StrandBias:-0.8,Multiplicity:1.22
0.001	0.478	0.001	0.520
0.098	0.900	0.001	0.001
0.001	0.153	0.845	0.001
0.187	0.001	0.642	0.170
0.001	0.001	0.997	0.001
0.787	0.096	0.001	0.116
0.001	0.001	0.109	0.889
0.001	0.001	0.268	0.730
>GGGAACGC	4-GGGAACGC	8.236954	-10.573184	0	T:4.0(5.88%),B:118.2(0.24%),P:1e-4	Tpos:77.8,Tstd:65.1,Bpos:104.9,Bstd:53.1,StrandBias:0.0,Multiplicity:1.00
0.100	0.100	0.700	0.100
0.100	0.100	0.700	0.100
0.100	0.100	0.700	0.100
0.700	0.100	0.100	0.100
0.700	0.100	0.100	0.100
0.100	0.700	0.100	0.100
0.100	0.100	0.700	0.100
0.100	0.700	0.100	0.100
>ACCATCGA	5-ACCATCGA	6.291044	-7.092237	0	T:11.0(16.18%),B:2550.5(5.28%),P:1e-3	Tpos:103.0,Tstd:51.1,Bpos:99.6,Bstd:63.4,StrandBias:-1.0,Multiplicity:1.00
0.700	0.100	0.100	0.100
0.100	0.700	0.100	0.100
0.100	0.700	0.100	0.100
0.700	0.100	0.100	0.100
0.100	0.100	0.100	0.700
0.100	0.700	0.100	0.100
0.100	0.100	0.700	0.100
0.700	0.100	0.100	0.100
