>TCCACTAGTCTT	1-TCCACTAGTCTT	15.096400	-21.534847	0	T:3.0(4.41%),B:0.5(0.00%),P:1e-9	Tpos:87.3,Tstd:33.5,Bpos:62.0,Bstd:0.0,StrandBias:10.0,Multiplicity:1.00
0.001	0.001	0.001	0.997
0.001	0.997	0.001	0.001
0.001	0.997	0.001	0.001
0.997	0.001	0.001	0.001
0.001	0.997	0.001	0.001
0.001	0.001	0.001	0.997
0.666	0.001	0.332	0.001
0.001	0.332	0.666	0.001
0.001	0.001	0.001	0.997
0.001	0.997	0.001	0.001
0.001	0.001	0.001	0.997
0.001	0.001	0.001	0.997
>CTTGTVAMTGTA	2-CTTGTVAMTGTA	10.249422	-18.739024	0	T:6.0(8.82%),B:99.9(0.21%),P:1e-8	Tpos:102.0,Tstd:55.7,Bpos:95.3,Bstd:57.3,StrandBias:1.0,Multiplicity:1.00
0.001	0.861	0.001	0.137
0.001	0.004	0.001	0.994
0.001	0.001	0.175	0.823
0.176	0.137	0.506	0.181
0.010	0.181	0.001	0.808
0.356	0.335	0.308	0.001
0.685	0.313	0.001	0.001
0.494	0.500	0.001	0.005
0.001	0.001	0.180	0.818
0.180	0.001	0.818	0.001
0.142	0.001	0.001	0.856
0.505	0.314	0.005	0.176
>GCCTACAGCATG	3-GCCTACAGCATG	15.001653	-16.710569	0	T:3.0(4.41%),B:6.0(0.01%),P:1e-7	Tpos:81.8,Tstd:41.6,Bpos:79.5,Bstd:41.0,StrandBias:-1.6,Multiplicity:1.33
0.001	0.001	0.997	0.001
0.001	0.997	0.001	0.001
0.001	0.653	0.001	0.345
0.001	0.001	0.001	0.997
0.690	0.001	0.308	0.001
0.001	0.997	0.001	0.001
0.997	0.001	0.001	0.001
0.001	0.001	0.997	0.001
0.001	0.997	0.001	0.001
0.997	0.001	0.001	0.001
0.001	0.001	0.001	0.997
0.001	0.001	0.997	0.001
>AAGGCCTTCCCC	4-AAGGCCTTCCCC	7.584460	-15.448122	0	T:17.0(25.00%),B:2757.0(5.71%),P:1e-6	Tpos:77.2,Tstd:50.6,Bpos:98.2,Bstd:60.5,StrandBias:-0.2,Multiplicity:1.12
0.642	0.229	0.001	0.128
0.789	0.001	0.001	0.209
0.168	0.001	0.830	0.001
0.001	0.203	0.726	0.070
0.001	0.877	0.052	0.070
0.191	0.688	0.070	0.051
0.070	0.089	0.001	0.840
0.070	0.128	0.053	0.749
0.001	0.607	0.149	0.243
0.001	0.850	0.079	0.070
0.140	0.789	0.070	0.001
0.140	0.619	0.070	0.171
>CTAHAACWTKCT	5-CTAHAACWTKCT	7.788979	-12.392540	0	T:11.0(16.18%),B:1404.5(2.91%),P:1e-5	Tpos:101.8,Tstd:65.2,Bpos:102.3,Bstd:59.3,StrandBias:0.5,Multiplicity:1.10
0.227	0.492	0.229	0.051
0.156	0.342	0.001	0.501
0.558	0.110	0.275	0.057
0.346	0.318	0.057	0.279
0.735	0.207	0.057	0.001
0.775	0.057	0.167	0.001
0.001	0.822	0.001	0.176
0.446	0.048	0.001	0.505
0.102	0.057	0.004	0.837
0.001	0.109	0.438	0.452
0.118	0.822	0.001	0.059
0.051	0.057	0.001	0.891
