>AAAATCAATA	1-AAAATCAATA	10.476509	-21.271501	0	T:9.0(13.24%),B:306.2(0.63%),P:1e-9	Tpos:113.9,Tstd:59.1,Bpos:99.2,Bstd:65.4,StrandBias:0.3,Multiplicity:1.00
0.626	0.134	0.114	0.126
0.997	0.001	0.001	0.001
0.878	0.120	0.001	0.001
0.997	0.001	0.001	0.001
0.091	0.001	0.001	0.907
0.001	0.888	0.110	0.001
0.997	0.001	0.001	0.001
0.997	0.001	0.001	0.001
0.087	0.001	0.001	0.911
0.889	0.001	0.109	0.001
>ACAAGGCCTT	2-ACAAGGCCTT	10.485699	-19.069730	0	T:8.0(11.76%),B:270.8(0.56%),P:1e-8	Tpos:76.7,Tstd:48.9,Bpos:96.8,Bstd:63.8,StrandBias:0.0,Multiplicity:1.00
0.834	0.081	0.084	0.001
0.001	0.997	0.001	0.001
0.997	0.001	0.001	0.001
0.703	0.122	0.091	0.084
0.084	0.001	0.914	0.001
0.001	0.001	0.997	0.001
0.001	0.997	0.001	0.001
0.124	0.789	0.001	0.086
0.001	0.001	0.154	0.844
0.001	0.001	0.001	0.997
>GTGACTCATT	3-GTGACTCATT	6.404373	-19.044069	0	T:29.0(42.65%),B:6633.5(13.73%),P:1e-8	Tpos:107.3,Tstd:54.4,Bpos:99.8,Bstd:62.4,StrandBias:0.5,Multiplicity:1.24
0.100	0.100	0.700	0.100
0.100	0.100	0.100	0.700
0.100	0.100	0.700	0.100
0.700	0.100	0.100	0.100
0.100	0.700	0.100	0.100
0.100	0.100	0.100	0.700
0.100	0.700	0.100	0.100
0.700	0.100	0.100	0.100
0.100	0.100	0.100	0.700
0.100	0.100	0.100	0.700
>CCAGCCAGCC	4-CCAGCCAGCC	8.777341	-17.095455	0	T:11.0(16.18%),B:868.3(1.80%),P:1e-7	Tpos:111.0,Tstd:57.9,Bpos:98.6,Bstd:66.1,StrandBias:1.5,Multiplicity:1.00
0.075	0.923	0.001	0.001
0.001	0.864	0.134	0.001
0.899	0.001	0.025	0.075
0.001	0.001	0.997	0.001
0.094	0.734	0.068	0.104
0.001	0.997	0.001	0.001
0.872	0.001	0.126	0.001
0.106	0.001	0.892	0.001
0.104	0.824	0.071	0.001
0.001	0.997	0.001	0.001
>GGTTCTTATC	5-GGTTCTTATC	11.223478	-16.816243	0	T:5.0(7.35%),B:67.0(0.14%),P:1e-7	Tpos:97.5,Tstd:55.9,Bpos:92.8,Bstd:59.5,StrandBias:1.0,Multiplicity:1.20
0.001	0.001	0.842	0.156
0.001	0.001	0.794	0.204
0.001	0.001	0.001	0.997
0.001	0.001	0.268	0.730
0.001	0.997	0.001	0.001
0.194	0.001	0.001	0.804
0.001	0.001	0.001	0.997
0.997	0.001	0.001	0.001
0.001	0.001	0.001	0.997
0.001	0.997	0.001	0.001
>CCTCCTGAGC	6-CCTCCTGAGC	10.594638	-15.523738	0	T:8.0(11.76%),B:431.0(0.89%),P:1e-6	Tpos:120.3,Tstd:50.3,Bpos:95.0,Bstd:59.2,StrandBias:-0.3,Multiplicity:1.12
0.001	0.787	0.110	0.102
0.001	0.838	0.160	0.001
0.110	0.001	0.001	0.888
0.001	0.905	0.093	0.001
0.001	0.997	0.001	0.001
0.107	0.001	0.001	0.891
0.001	0.001	0.997	0.001
0.997	0.001	0.001	0.001
0.001	0.001	0.997	0.001
0.102	0.794	0.103	0.001
