>TGAGTCAT	1-TGAGTCAT	6.404856	-26.381176	0	T:17.0(25.00%),B:1329.4(2.75%),P:1e-11	Tpos:128.6,Tstd:52.8,Bpos:100.9,Bstd:61.5,StrandBias:-0.3,Multiplicity:1.06
0.001	0.001	0.001	0.997
0.001	0.001	0.997	0.001
0.997	0.001	0.001	0.001
0.001	0.116	0.882	0.001
0.001	0.001	0.001	0.997
0.001	0.997	0.001	0.001
0.997	0.001	0.001	0.001
0.001	0.081	0.057	0.861
>TTATTTAC	2-TTATTTAC	4.646702	-25.073153	0	T:52.0(76.47%),B:17425.7(36.07%),P:1e-10	Tpos:105.8,Tstd:52.2,Bpos:100.4,Bstd:63.9,StrandBias:-0.2,Multiplicity:1.67
0.112	0.035	0.039	0.814
0.144	0.103	0.082	0.671
0.774	0.062	0.107	0.057
0.083	0.093	0.131	0.693
0.025	0.080	0.049	0.846
0.115	0.094	0.089	0.702
0.754	0.074	0.127	0.045
0.100	0.756	0.052	0.092
>YCGGGATT	3-YCGGGATT	7.045725	-11.703400	0	T:9.0(13.24%),B:960.3(1.99%),P:1e-5	Tpos:109.5,Tstd:39.0,Bpos:99.9,Bstd:61.1,StrandBias:-0.8,Multiplicity:1.22
0.001	0.478	0.001	0.520
0.098	0.900	0.001	0.001
0.001	0.153	0.845	0.001
0.187	0.001	0.642	0.170
0.001	0.001	0.997	0.001
0.787	0.096	0.001	0.116
0.001	0.001	0.109	0.889
0.001	0.001	0.268	0.730
>GGGAACGC	4-GGGAACGC	8.236954	-10.573184	0	T:4.0(5.88%),B:118.2(0.24%),P:1e-4	Tpos:77.8,Tstd:65.1,Bpos:104.9,Bstd:53.1,StrandBias:0.0,Multiplicity:1.00
0.100	0.100	0.700	0.100
0.100	0.100	0.700	0.100
0.100	0.100	0.700	0.100
0.700	0.100	0.100	0.100
0.700	0.100	0.100	0.100
0.100	0.700	0.100	0.100
0.100	0.100	0.700	0.100
0.100	0.700	0.100	0.100
>ACCATCGA	5-ACCATCGA	6.291044	-7.092237	0	T:11.0(16.18%),B:2550.5(5.28%),P:1e-3	Tpos:103.0,Tstd:51.1,Bpos:99.6,Bstd:63.4,StrandBias:-1.0,Multiplicity:1.00
0.700	0.100	0.100	0.100
0.100	0.700	0.100	0.100
0.100	0.700	0.100	0.100
0.700	0.100	0.100	0.100
0.100	0.100	0.100	0.700
0.100	0.700	0.100	0.100
0.100	0.100	0.700	0.100
0.700	0.100	0.100	0.100
