>AAGGCCTTGT	1-AAGGCCTTGT	10.434737	-18.207716	0	T:8.0(11.76%),B:188.7(0.63%),P:1e-7	Tpos:79.7,Tstd:47.5,Bpos:107.3,Bstd:57.3,StrandBias:0.3,Multiplicity:1.00
0.997	0.001	0.001	0.001
0.851	0.147	0.001	0.001
0.093	0.001	0.811	0.095
0.001	0.001	0.997	0.001
0.001	0.997	0.001	0.001
0.001	0.909	0.001	0.089
0.085	0.087	0.128	0.700
0.001	0.001	0.001	0.997
0.001	0.001	0.997	0.001
0.001	0.109	0.075	0.815
>CCTCCTGAGC	2-CCTCCTGAGC	9.000427	-16.830897	0	T:9.0(13.24%),B:320.8(1.07%),P:1e-7	Tpos:123.7,Tstd:48.8,Bpos:95.8,Bstd:57.1,StrandBias:-0.6,Multiplicity:1.11
0.001	0.799	0.103	0.097
0.001	0.818	0.180	0.001
0.140	0.001	0.001	0.858
0.001	0.923	0.075	0.001
0.001	0.997	0.001	0.001
0.094	0.001	0.001	0.904
0.001	0.001	0.997	0.001
0.997	0.001	0.001	0.001
0.001	0.001	0.997	0.001
0.105	0.795	0.099	0.001
>TATTGATTTT	3-TATTGATTTT	10.534411	-16.520843	0	T:9.0(13.24%),B:332.8(1.11%),P:1e-7	Tpos:113.8,Tstd:59.0,Bpos:104.6,Bstd:63.6,StrandBias:-0.3,Multiplicity:1.00
0.001	0.094	0.001	0.904
0.890	0.001	0.001	0.108
0.001	0.001	0.001	0.997
0.001	0.001	0.001	0.997
0.001	0.114	0.884	0.001
0.874	0.001	0.001	0.124
0.001	0.001	0.001	0.997
0.001	0.001	0.145	0.853
0.001	0.001	0.001	0.997
0.117	0.111	0.114	0.658
>GGTTCTTATC	4-GGTTCTTATC	11.106494	-15.195116	0	T:5.0(7.35%),B:58.8(0.20%),P:1e-6	Tpos:97.5,Tstd:55.9,Bpos:112.7,Bstd:65.2,StrandBias:1.0,Multiplicity:1.20
0.001	0.001	0.837	0.161
0.001	0.001	0.857	0.141
0.001	0.001	0.001	0.997
0.001	0.001	0.224	0.774
0.001	0.997	0.001	0.001
0.290	0.001	0.001	0.708
0.001	0.001	0.001	0.997
0.997	0.001	0.001	0.001
0.001	0.001	0.001	0.997
0.001	0.997	0.001	0.001
>CCAGCCAGCC	5-CCAGCCAGCC	8.114004	-14.828301	0	T:13.0(19.12%),B:1005.9(3.35%),P:1e-6	Tpos:108.7,Tstd:57.3,Bpos:100.1,Bstd:56.5,StrandBias:1.3,Multiplicity:1.00
0.063	0.935	0.001	0.001
0.001	0.878	0.120	0.001
0.839	0.001	0.106	0.054
0.001	0.001	0.997	0.001
0.082	0.754	0.059	0.105
0.001	0.997	0.001	0.001
0.899	0.001	0.099	0.001
0.100	0.001	0.898	0.001
0.098	0.846	0.055	0.001
0.001	0.997	0.001	0.001
>TCCACTAGTCTT	1-TCCACTAGTCTT	15.096400	-20.112977	0	T:3.0(4.41%),B:0.0(0.00%),P:1e-8	Tpos:87.3,Tstd:33.5,Bpos:0.0,Bstd:0.0,StrandBias:10.0,Multiplicity:1.00
0.001	0.001	0.001	0.997
0.001	0.997	0.001	0.001
0.001	0.997	0.001	0.001
0.997	0.001	0.001	0.001
0.001	0.997	0.001	0.001
0.001	0.001	0.001	0.997
0.666	0.001	0.332	0.001
0.001	0.332	0.666	0.001
0.001	0.001	0.001	0.997
0.001	0.997	0.001	0.001
0.001	0.001	0.001	0.997
0.001	0.001	0.001	0.997
>AYMCACCAMMGT	2-AYMCACCAMMGT	11.034005	-18.860837	0	T:4.0(5.88%),B:9.3(0.03%),P:1e-8	Tpos:83.8,Tstd:59.6,Bpos:103.1,Bstd:73.5,StrandBias:1.6,Multiplicity:1.00
0.997	0.001	0.001	0.001
0.001	0.461	0.001	0.537
0.512	0.462	0.025	0.001
0.001	0.974	0.001	0.024
0.997	0.001	0.001	0.001
0.001	0.997	0.001	0.001
0.001	0.997	0.001	0.001
0.997	0.001	0.001	0.001
0.461	0.537	0.001	0.001
0.537	0.461	0.001	0.001
0.001	0.001	0.997	0.001
0.001	0.001	0.001	0.997
>GCCTACAGCATG	3-GCCTACAGCATG	15.096400	-18.035156	0	T:3.0(4.41%),B:2.3(0.01%),P:1e-7	Tpos:81.8,Tstd:41.6,Bpos:111.8,Bstd:24.8,StrandBias:-1.6,Multiplicity:1.33
0.001	0.001	0.997	0.001
0.001	0.997	0.001	0.001
0.001	0.666	0.001	0.332
0.001	0.001	0.001	0.997
0.666	0.001	0.332	0.001
0.001	0.997	0.001	0.001
0.997	0.001	0.001	0.001
0.001	0.001	0.997	0.001
0.001	0.997	0.001	0.001
0.997	0.001	0.001	0.001
0.001	0.001	0.001	0.997
0.001	0.001	0.997	0.001
>CTTGTCAMTGTA	4-CTTGTCAMTGTA	9.769214	-14.653264	0	T:6.0(8.82%),B:124.0(0.41%),P:1e-6	Tpos:115.8,Tstd:62.4,Bpos:94.9,Bstd:60.2,StrandBias:2.3,Multiplicity:1.00
0.001	0.815	0.001	0.183
0.001	0.190	0.001	0.808
0.001	0.001	0.100	0.898
0.101	0.101	0.697	0.101
0.202	0.101	0.001	0.696
0.184	0.708	0.107	0.001
0.898	0.100	0.001	0.001
0.493	0.405	0.001	0.101
0.001	0.001	0.100	0.898
0.273	0.001	0.725	0.001
0.291	0.001	0.001	0.707
0.691	0.101	0.101	0.107
>AAGGCCTTCCCC	5-AAGGCCTTCCCC	7.480015	-14.549107	0	T:18.0(26.47%),B:2054.7(6.83%),P:1e-6	Tpos:83.4,Tstd:53.7,Bpos:100.1,Bstd:60.3,StrandBias:-0.2,Multiplicity:1.11
0.654	0.209	0.001	0.136
0.810	0.001	0.001	0.188
0.204	0.001	0.794	0.001
0.001	0.237	0.710	0.052
0.001	0.863	0.068	0.068
0.189	0.674	0.068	0.069
0.068	0.088	0.001	0.843
0.068	0.136	0.056	0.740
0.001	0.635	0.123	0.241
0.001	0.862	0.069	0.068
0.121	0.810	0.068	0.001
0.129	0.614	0.068	0.189
>TAGCTATT	1-TAGCTATT	6.451552	-14.725863	0	T:19.0(27.94%),B:2261.9(7.52%),P:1e-6	Tpos:110.7,Tstd:47.6,Bpos:100.3,Bstd:63.8,StrandBias:0.3,Multiplicity:1.05
0.001	0.001	0.001	0.997
0.794	0.001	0.204	0.001
0.007	0.001	0.886	0.106
0.166	0.614	0.089	0.131
0.175	0.091	0.001	0.733
0.840	0.072	0.087	0.001
0.187	0.095	0.001	0.717
0.001	0.239	0.001	0.759
>AAGTACAT	2-AAGTACAT	7.140423	-11.655116	0	T:17.0(25.00%),B:2265.1(7.53%),P:1e-5	Tpos:80.6,Tstd:49.1,Bpos:98.9,Bstd:64.2,StrandBias:0.1,Multiplicity:1.35
0.915	0.083	0.001	0.001
0.997	0.001	0.001	0.001
0.050	0.001	0.900	0.049
0.053	0.001	0.155	0.791
0.876	0.064	0.001	0.059
0.111	0.887	0.001	0.001
0.997	0.001	0.001	0.001
0.073	0.076	0.148	0.703
>AATCCCGR	3-AATCCCGR	7.471802	-11.635603	0	T:7.0(10.29%),B:322.8(1.07%),P:1e-5	Tpos:105.6,Tstd:32.5,Bpos:107.2,Bstd:60.1,StrandBias:0.7,Multiplicity:1.14
0.658	0.340	0.001	0.001
0.907	0.091	0.001	0.001
0.104	0.097	0.095	0.704
0.001	0.997	0.001	0.001
0.147	0.686	0.001	0.166
0.001	0.853	0.145	0.001
0.001	0.001	0.907	0.091
0.563	0.001	0.435	0.001
>GGGAACGC	4-GGGAACGC	8.236954	-11.107714	0	T:4.0(5.88%),B:64.0(0.21%),P:1e-4	Tpos:77.8,Tstd:65.1,Bpos:89.6,Bstd:61.2,StrandBias:0.0,Multiplicity:1.00
0.100	0.100	0.700	0.100
0.100	0.100	0.700	0.100
0.100	0.100	0.700	0.100
0.700	0.100	0.100	0.100
0.700	0.100	0.100	0.100
0.100	0.700	0.100	0.100
0.100	0.100	0.700	0.100
0.100	0.700	0.100	0.100
>ACCATCGA	5-ACCATCGA	6.291044	-8.368449	0	T:11.0(16.18%),B:1363.9(4.54%),P:1e-3	Tpos:103.0,Tstd:51.1,Bpos:98.5,Bstd:62.6,StrandBias:-1.0,Multiplicity:1.00
0.700	0.100	0.100	0.100
0.100	0.700	0.100	0.100
0.100	0.700	0.100	0.100
0.700	0.100	0.100	0.100
0.100	0.100	0.100	0.700
0.100	0.700	0.100	0.100
0.100	0.100	0.700	0.100
0.700	0.100	0.100	0.100
