>TAGCTATT	1-TAGCTATT	6.451552	-14.725863	0	T:19.0(27.94%),B:2261.9(7.52%),P:1e-6	Tpos:110.7,Tstd:47.6,Bpos:100.3,Bstd:63.8,StrandBias:0.3,Multiplicity:1.05
0.001	0.001	0.001	0.997
0.794	0.001	0.204	0.001
0.007	0.001	0.886	0.106
0.166	0.614	0.089	0.131
0.175	0.091	0.001	0.733
0.840	0.072	0.087	0.001
0.187	0.095	0.001	0.717
0.001	0.239	0.001	0.759
>AAGTACAT	2-AAGTACAT	7.140423	-11.655116	0	T:17.0(25.00%),B:2265.1(7.53%),P:1e-5	Tpos:80.6,Tstd:49.1,Bpos:98.9,Bstd:64.2,StrandBias:0.1,Multiplicity:1.35
0.915	0.083	0.001	0.001
0.997	0.001	0.001	0.001
0.050	0.001	0.900	0.049
0.053	0.001	0.155	0.791
0.876	0.064	0.001	0.059
0.111	0.887	0.001	0.001
0.997	0.001	0.001	0.001
0.073	0.076	0.148	0.703
>AATCCCGR	3-AATCCCGR	7.471802	-11.635603	0	T:7.0(10.29%),B:322.8(1.07%),P:1e-5	Tpos:105.6,Tstd:32.5,Bpos:107.2,Bstd:60.1,StrandBias:0.7,Multiplicity:1.14
0.658	0.340	0.001	0.001
0.907	0.091	0.001	0.001
0.104	0.097	0.095	0.704
0.001	0.997	0.001	0.001
0.147	0.686	0.001	0.166
0.001	0.853	0.145	0.001
0.001	0.001	0.907	0.091
0.563	0.001	0.435	0.001
>GGGAACGC	4-GGGAACGC	8.236954	-11.107714	0	T:4.0(5.88%),B:64.0(0.21%),P:1e-4	Tpos:77.8,Tstd:65.1,Bpos:89.6,Bstd:61.2,StrandBias:0.0,Multiplicity:1.00
0.100	0.100	0.700	0.100
0.100	0.100	0.700	0.100
0.100	0.100	0.700	0.100
0.700	0.100	0.100	0.100
0.700	0.100	0.100	0.100
0.100	0.700	0.100	0.100
0.100	0.100	0.700	0.100
0.100	0.700	0.100	0.100
>ACCATCGA	5-ACCATCGA	6.291044	-8.368449	0	T:11.0(16.18%),B:1363.9(4.54%),P:1e-3	Tpos:103.0,Tstd:51.1,Bpos:98.5,Bstd:62.6,StrandBias:-1.0,Multiplicity:1.00
0.700	0.100	0.100	0.100
0.100	0.700	0.100	0.100
0.100	0.700	0.100	0.100
0.700	0.100	0.100	0.100
0.100	0.100	0.100	0.700
0.100	0.700	0.100	0.100
0.100	0.100	0.700	0.100
0.700	0.100	0.100	0.100
