>AAGGCCTTGT	1-AAGGCCTTGT	10.434737	-18.207716	0	T:8.0(11.76%),B:188.7(0.63%),P:1e-7	Tpos:79.7,Tstd:47.5,Bpos:107.3,Bstd:57.3,StrandBias:0.3,Multiplicity:1.00
0.997	0.001	0.001	0.001
0.851	0.147	0.001	0.001
0.093	0.001	0.811	0.095
0.001	0.001	0.997	0.001
0.001	0.997	0.001	0.001
0.001	0.909	0.001	0.089
0.085	0.087	0.128	0.700
0.001	0.001	0.001	0.997
0.001	0.001	0.997	0.001
0.001	0.109	0.075	0.815
>CCTCCTGAGC	2-CCTCCTGAGC	9.000427	-16.830897	0	T:9.0(13.24%),B:320.8(1.07%),P:1e-7	Tpos:123.7,Tstd:48.8,Bpos:95.8,Bstd:57.1,StrandBias:-0.6,Multiplicity:1.11
0.001	0.799	0.103	0.097
0.001	0.818	0.180	0.001
0.140	0.001	0.001	0.858
0.001	0.923	0.075	0.001
0.001	0.997	0.001	0.001
0.094	0.001	0.001	0.904
0.001	0.001	0.997	0.001
0.997	0.001	0.001	0.001
0.001	0.001	0.997	0.001
0.105	0.795	0.099	0.001
>TATTGATTTT	3-TATTGATTTT	10.534411	-16.520843	0	T:9.0(13.24%),B:332.8(1.11%),P:1e-7	Tpos:113.8,Tstd:59.0,Bpos:104.6,Bstd:63.6,StrandBias:-0.3,Multiplicity:1.00
0.001	0.094	0.001	0.904
0.890	0.001	0.001	0.108
0.001	0.001	0.001	0.997
0.001	0.001	0.001	0.997
0.001	0.114	0.884	0.001
0.874	0.001	0.001	0.124
0.001	0.001	0.001	0.997
0.001	0.001	0.145	0.853
0.001	0.001	0.001	0.997
0.117	0.111	0.114	0.658
>GGTTCTTATC	4-GGTTCTTATC	11.106494	-15.195116	0	T:5.0(7.35%),B:58.8(0.20%),P:1e-6	Tpos:97.5,Tstd:55.9,Bpos:112.7,Bstd:65.2,StrandBias:1.0,Multiplicity:1.20
0.001	0.001	0.837	0.161
0.001	0.001	0.857	0.141
0.001	0.001	0.001	0.997
0.001	0.001	0.224	0.774
0.001	0.997	0.001	0.001
0.290	0.001	0.001	0.708
0.001	0.001	0.001	0.997
0.997	0.001	0.001	0.001
0.001	0.001	0.001	0.997
0.001	0.997	0.001	0.001
>CCAGCCAGCC	5-CCAGCCAGCC	8.114004	-14.828301	0	T:13.0(19.12%),B:1005.9(3.35%),P:1e-6	Tpos:108.7,Tstd:57.3,Bpos:100.1,Bstd:56.5,StrandBias:1.3,Multiplicity:1.00
0.063	0.935	0.001	0.001
0.001	0.878	0.120	0.001
0.839	0.001	0.106	0.054
0.001	0.001	0.997	0.001
0.082	0.754	0.059	0.105
0.001	0.997	0.001	0.001
0.899	0.001	0.099	0.001
0.100	0.001	0.898	0.001
0.098	0.846	0.055	0.001
0.001	0.997	0.001	0.001
