>CGCCCTGCCT	1-CGCCCTGCCT	12.028001	-19.093627	0	T:7.0(10.14%),B:99.6(0.35%),P:1e-8	Tpos:77.4,Tstd:44.8,Bpos:93.2,Bstd:60.7,StrandBias:-2.6,Multiplicity:1.00
0.001	0.997	0.001	0.001
0.284	0.001	0.714	0.001
0.001	0.997	0.001	0.001
0.001	0.997	0.001	0.001
0.001	0.997	0.001	0.001
0.001	0.001	0.001	0.997
0.001	0.001	0.997	0.001
0.001	0.769	0.229	0.001
0.001	0.997	0.001	0.001
0.001	0.001	0.001	0.997
>GCCTGTGATA	2-GCCTGTGATA	10.929878	-15.166326	0	T:6.0(8.70%),B:107.8(0.37%),P:1e-6	Tpos:81.2,Tstd:57.2,Bpos:107.4,Bstd:64.7,StrandBias:0.0,Multiplicity:1.00
0.222	0.001	0.776	0.001
0.001	0.997	0.001	0.001
0.001	0.997	0.001	0.001
0.001	0.001	0.001	0.997
0.001	0.001	0.997	0.001
0.001	0.001	0.156	0.842
0.001	0.001	0.997	0.001
0.877	0.001	0.121	0.001
0.001	0.108	0.001	0.890
0.768	0.001	0.122	0.109
>AGATAATCTC	3-AGATAATCTC	8.317262	-13.889654	0	T:8.0(11.59%),B:314.8(1.09%),P:1e-6	Tpos:97.7,Tstd:42.8,Bpos:102.5,Bstd:68.4,StrandBias:-0.5,Multiplicity:1.12
0.604	0.147	0.130	0.119
0.001	0.086	0.912	0.001
0.886	0.001	0.001	0.112
0.003	0.001	0.001	0.995
0.847	0.001	0.001	0.151
0.905	0.001	0.093	0.001
0.063	0.005	0.089	0.843
0.001	0.997	0.001	0.001
0.350	0.146	0.001	0.503
0.001	0.527	0.237	0.235
>TSGTTRATAA	4-TSGTTRATAA	8.039905	-13.795531	0	T:10.0(14.49%),B:566.4(1.97%),P:1e-5	Tpos:96.5,Tstd:45.8,Bpos:98.1,Bstd:69.2,StrandBias:-0.5,Multiplicity:1.10
0.007	0.087	0.001	0.905
0.001	0.385	0.526	0.088
0.089	0.085	0.825	0.001
0.001	0.007	0.001	0.991
0.268	0.001	0.209	0.522
0.448	0.001	0.550	0.001
0.676	0.001	0.077	0.246
0.001	0.242	0.097	0.660
0.843	0.001	0.155	0.001
0.933	0.001	0.001	0.065
>CTGAGTAAAC	5-CTGAGTAAAC	6.508204	-13.578691	0	T:21.0(30.43%),B:2777.1(9.65%),P:1e-5	Tpos:103.1,Tstd:51.0,Bpos:97.7,Bstd:61.7,StrandBias:0.2,Multiplicity:1.14
0.001	0.997	0.001	0.001
0.109	0.001	0.001	0.889
0.262	0.102	0.635	0.001
0.902	0.001	0.001	0.096
0.001	0.001	0.997	0.001
0.001	0.001	0.241	0.757
0.741	0.257	0.001	0.001
0.997	0.001	0.001	0.001
0.850	0.148	0.001	0.001
0.001	0.639	0.001	0.359
>GAGGCAGGGCGG	1-GAGGCAGGGCGG	14.503845	-24.132876	0	T:5.0(7.25%),B:9.9(0.03%),P:1e-10	Tpos:88.4,Tstd:49.7,Bpos:62.9,Bstd:42.6,StrandBias:2.0,Multiplicity:1.00
0.001	0.001	0.760	0.238
0.997	0.001	0.001	0.001
0.001	0.001	0.997	0.001
0.001	0.001	0.997	0.001
0.001	0.997	0.001	0.001
0.997	0.001	0.001	0.001
0.001	0.001	0.997	0.001
0.001	0.001	0.997	0.001
0.001	0.001	0.997	0.001
0.001	0.778	0.001	0.220
0.001	0.001	0.997	0.001
0.001	0.269	0.729	0.001
>TTAATCCATTAA	2-TTAATCCATTAA	12.746128	-23.010807	0	T:4.0(5.80%),B:3.8(0.01%),P:1e-9	Tpos:125.2,Tstd:49.0,Bpos:60.5,Bstd:31.3,StrandBias:-10.0,Multiplicity:1.00
0.001	0.001	0.001	0.997
0.193	0.001	0.001	0.805
0.805	0.001	0.193	0.001
0.997	0.001	0.001	0.001
0.418	0.001	0.001	0.580
0.225	0.581	0.193	0.001
0.001	0.997	0.001	0.001
0.997	0.001	0.001	0.001
0.001	0.001	0.193	0.805
0.193	0.001	0.001	0.805
0.997	0.001	0.001	0.001
0.613	0.193	0.193	0.001
>RTGCTCTGTARA	3-RTGCTCTGTARA	8.934442	-21.564168	0	T:7.0(10.14%),B:69.6(0.24%),P:1e-9	Tpos:92.4,Tstd:43.7,Bpos:86.3,Bstd:63.9,StrandBias:0.4,Multiplicity:1.00
0.412	0.083	0.504	0.001
0.412	0.001	0.001	0.586
0.001	0.001	0.997	0.001
0.001	0.997	0.001	0.001
0.001	0.001	0.001	0.997
0.001	0.997	0.001	0.001
0.020	0.001	0.001	0.978
0.001	0.001	0.997	0.001
0.001	0.001	0.001	0.997
0.978	0.020	0.001	0.001
0.495	0.001	0.503	0.001
0.978	0.001	0.020	0.001
>TCCCCTGTGCCC	4-TCCCCTGTGCCC	8.023175	-15.665265	0	T:16.0(23.19%),B:1399.4(4.86%),P:1e-6	Tpos:120.3,Tstd:62.4,Bpos:99.1,Bstd:57.5,StrandBias:-0.1,Multiplicity:1.31
0.095	0.001	0.045	0.859
0.152	0.618	0.100	0.130
0.001	0.624	0.101	0.274
0.051	0.808	0.045	0.096
0.089	0.765	0.045	0.101
0.095	0.050	0.001	0.854
0.001	0.137	0.676	0.186
0.101	0.050	0.001	0.848
0.051	0.181	0.663	0.105
0.001	0.756	0.193	0.050
0.050	0.810	0.001	0.139
0.232	0.726	0.001	0.041
>AGAGGAACCWAA	5-AGAGGAACCWAA	8.563392	-15.094662	0	T:10.0(14.49%),B:490.3(1.70%),P:1e-6	Tpos:124.1,Tstd:43.9,Bpos:97.4,Bstd:59.1,StrandBias:0.8,Multiplicity:1.10
0.632	0.001	0.001	0.366
0.001	0.001	0.876	0.122
0.632	0.001	0.122	0.245
0.001	0.122	0.876	0.001
0.245	0.122	0.632	0.001
0.876	0.122	0.001	0.001
0.755	0.122	0.122	0.001
0.001	0.632	0.122	0.245
0.001	0.755	0.122	0.122
0.367	0.122	0.017	0.493
0.997	0.001	0.001	0.001
0.859	0.139	0.001	0.001
>GTGTCCCT	1-GTGTCCCT	6.703306	-14.305524	0	T:25.0(36.23%),B:3677.2(12.78%),P:1e-6	Tpos:111.8,Tstd:59.2,Bpos:100.5,Bstd:61.9,StrandBias:0.3,Multiplicity:1.16
0.055	0.062	0.774	0.109
0.055	0.001	0.067	0.877
0.001	0.042	0.858	0.099
0.044	0.055	0.034	0.867
0.084	0.914	0.001	0.001
0.033	0.935	0.001	0.031
0.001	0.963	0.001	0.035
0.042	0.001	0.109	0.848
>YTRTTWAY	2-YTRTTWAY	5.953619	-11.637642	0	T:32.0(46.38%),B:6429.6(22.34%),P:1e-5	Tpos:93.1,Tstd:56.7,Bpos:99.0,Bstd:71.3,StrandBias:0.0,Multiplicity:1.34
0.096	0.385	0.150	0.369
0.001	0.134	0.001	0.864
0.534	0.001	0.464	0.001
0.001	0.001	0.001	0.997
0.001	0.179	0.001	0.819
0.406	0.001	0.135	0.458
0.625	0.001	0.239	0.135
0.157	0.426	0.001	0.416
>CTWATCAC	3-CTWATCAC	6.709640	-10.090992	0	T:16.0(23.19%),B:2161.7(7.51%),P:1e-4	Tpos:105.4,Tstd:61.5,Bpos:100.9,Bstd:64.7,StrandBias:-0.9,Multiplicity:1.13
0.001	0.820	0.098	0.081
0.181	0.001	0.001	0.817
0.570	0.001	0.001	0.428
0.720	0.001	0.081	0.198
0.001	0.036	0.137	0.826
0.123	0.875	0.001	0.001
0.997	0.001	0.001	0.001
0.001	0.704	0.255	0.040
>GAGGCTAC	4-GAGGCTAC	6.697614	-9.703891	0	T:16.0(23.19%),B:2232.7(7.76%),P:1e-4	Tpos:84.4,Tstd:56.1,Bpos:98.2,Bstd:59.7,StrandBias:0.8,Multiplicity:1.19
0.001	0.159	0.648	0.192
0.997	0.001	0.001	0.001
0.226	0.001	0.772	0.001
0.164	0.001	0.682	0.153
0.001	0.921	0.001	0.077
0.001	0.171	0.104	0.724
0.625	0.306	0.068	0.001
0.298	0.700	0.001	0.001
>ASRTAATC	5-ASRTAATC	6.430685	-8.285483	0	T:14.0(20.29%),B:2005.7(6.97%),P:1e-3	Tpos:108.9,Tstd:59.4,Bpos:99.1,Bstd:64.5,StrandBias:0.2,Multiplicity:1.36
0.531	0.140	0.326	0.003
0.001	0.468	0.530	0.001
0.379	0.166	0.314	0.142
0.001	0.001	0.001	0.997
0.836	0.001	0.001	0.162
0.854	0.001	0.144	0.001
0.013	0.151	0.204	0.632
0.001	0.997	0.001	0.001
