>CGCCCTGCCT	1-CGCCCTGCCT	12.028001	-19.093627	0	T:7.0(10.14%),B:99.6(0.35%),P:1e-8	Tpos:77.4,Tstd:44.8,Bpos:93.2,Bstd:60.7,StrandBias:-2.6,Multiplicity:1.00
0.001	0.997	0.001	0.001
0.284	0.001	0.714	0.001
0.001	0.997	0.001	0.001
0.001	0.997	0.001	0.001
0.001	0.997	0.001	0.001
0.001	0.001	0.001	0.997
0.001	0.001	0.997	0.001
0.001	0.769	0.229	0.001
0.001	0.997	0.001	0.001
0.001	0.001	0.001	0.997
>GCCTGTGATA	2-GCCTGTGATA	10.929878	-15.166326	0	T:6.0(8.70%),B:107.8(0.37%),P:1e-6	Tpos:81.2,Tstd:57.2,Bpos:107.4,Bstd:64.7,StrandBias:0.0,Multiplicity:1.00
0.222	0.001	0.776	0.001
0.001	0.997	0.001	0.001
0.001	0.997	0.001	0.001
0.001	0.001	0.001	0.997
0.001	0.001	0.997	0.001
0.001	0.001	0.156	0.842
0.001	0.001	0.997	0.001
0.877	0.001	0.121	0.001
0.001	0.108	0.001	0.890
0.768	0.001	0.122	0.109
>AGATAATCTC	3-AGATAATCTC	8.317262	-13.889654	0	T:8.0(11.59%),B:314.8(1.09%),P:1e-6	Tpos:97.7,Tstd:42.8,Bpos:102.5,Bstd:68.4,StrandBias:-0.5,Multiplicity:1.12
0.604	0.147	0.130	0.119
0.001	0.086	0.912	0.001
0.886	0.001	0.001	0.112
0.003	0.001	0.001	0.995
0.847	0.001	0.001	0.151
0.905	0.001	0.093	0.001
0.063	0.005	0.089	0.843
0.001	0.997	0.001	0.001
0.350	0.146	0.001	0.503
0.001	0.527	0.237	0.235
>TSGTTRATAA	4-TSGTTRATAA	8.039905	-13.795531	0	T:10.0(14.49%),B:566.4(1.97%),P:1e-5	Tpos:96.5,Tstd:45.8,Bpos:98.1,Bstd:69.2,StrandBias:-0.5,Multiplicity:1.10
0.007	0.087	0.001	0.905
0.001	0.385	0.526	0.088
0.089	0.085	0.825	0.001
0.001	0.007	0.001	0.991
0.268	0.001	0.209	0.522
0.448	0.001	0.550	0.001
0.676	0.001	0.077	0.246
0.001	0.242	0.097	0.660
0.843	0.001	0.155	0.001
0.933	0.001	0.001	0.065
>CTGAGTAAAC	5-CTGAGTAAAC	6.508204	-13.578691	0	T:21.0(30.43%),B:2777.1(9.65%),P:1e-5	Tpos:103.1,Tstd:51.0,Bpos:97.7,Bstd:61.7,StrandBias:0.2,Multiplicity:1.14
0.001	0.997	0.001	0.001
0.109	0.001	0.001	0.889
0.262	0.102	0.635	0.001
0.902	0.001	0.001	0.096
0.001	0.001	0.997	0.001
0.001	0.001	0.241	0.757
0.741	0.257	0.001	0.001
0.997	0.001	0.001	0.001
0.850	0.148	0.001	0.001
0.001	0.639	0.001	0.359
