>GAGGCAGGGCGG	1-GAGGCAGGGCGG	14.503845	-24.132876	0	T:5.0(7.25%),B:9.9(0.03%),P:1e-10	Tpos:88.4,Tstd:49.7,Bpos:62.9,Bstd:42.6,StrandBias:2.0,Multiplicity:1.00
0.001	0.001	0.760	0.238
0.997	0.001	0.001	0.001
0.001	0.001	0.997	0.001
0.001	0.001	0.997	0.001
0.001	0.997	0.001	0.001
0.997	0.001	0.001	0.001
0.001	0.001	0.997	0.001
0.001	0.001	0.997	0.001
0.001	0.001	0.997	0.001
0.001	0.778	0.001	0.220
0.001	0.001	0.997	0.001
0.001	0.269	0.729	0.001
>TTAATCCATTAA	2-TTAATCCATTAA	12.746128	-23.010807	0	T:4.0(5.80%),B:3.8(0.01%),P:1e-9	Tpos:125.2,Tstd:49.0,Bpos:60.5,Bstd:31.3,StrandBias:-10.0,Multiplicity:1.00
0.001	0.001	0.001	0.997
0.193	0.001	0.001	0.805
0.805	0.001	0.193	0.001
0.997	0.001	0.001	0.001
0.418	0.001	0.001	0.580
0.225	0.581	0.193	0.001
0.001	0.997	0.001	0.001
0.997	0.001	0.001	0.001
0.001	0.001	0.193	0.805
0.193	0.001	0.001	0.805
0.997	0.001	0.001	0.001
0.613	0.193	0.193	0.001
>RTGCTCTGTARA	3-RTGCTCTGTARA	8.934442	-21.564168	0	T:7.0(10.14%),B:69.6(0.24%),P:1e-9	Tpos:92.4,Tstd:43.7,Bpos:86.3,Bstd:63.9,StrandBias:0.4,Multiplicity:1.00
0.412	0.083	0.504	0.001
0.412	0.001	0.001	0.586
0.001	0.001	0.997	0.001
0.001	0.997	0.001	0.001
0.001	0.001	0.001	0.997
0.001	0.997	0.001	0.001
0.020	0.001	0.001	0.978
0.001	0.001	0.997	0.001
0.001	0.001	0.001	0.997
0.978	0.020	0.001	0.001
0.495	0.001	0.503	0.001
0.978	0.001	0.020	0.001
>TCCCCTGTGCCC	4-TCCCCTGTGCCC	8.023175	-15.665265	0	T:16.0(23.19%),B:1399.4(4.86%),P:1e-6	Tpos:120.3,Tstd:62.4,Bpos:99.1,Bstd:57.5,StrandBias:-0.1,Multiplicity:1.31
0.095	0.001	0.045	0.859
0.152	0.618	0.100	0.130
0.001	0.624	0.101	0.274
0.051	0.808	0.045	0.096
0.089	0.765	0.045	0.101
0.095	0.050	0.001	0.854
0.001	0.137	0.676	0.186
0.101	0.050	0.001	0.848
0.051	0.181	0.663	0.105
0.001	0.756	0.193	0.050
0.050	0.810	0.001	0.139
0.232	0.726	0.001	0.041
>AGAGGAACCWAA	5-AGAGGAACCWAA	8.563392	-15.094662	0	T:10.0(14.49%),B:490.3(1.70%),P:1e-6	Tpos:124.1,Tstd:43.9,Bpos:97.4,Bstd:59.1,StrandBias:0.8,Multiplicity:1.10
0.632	0.001	0.001	0.366
0.001	0.001	0.876	0.122
0.632	0.001	0.122	0.245
0.001	0.122	0.876	0.001
0.245	0.122	0.632	0.001
0.876	0.122	0.001	0.001
0.755	0.122	0.122	0.001
0.001	0.632	0.122	0.245
0.001	0.755	0.122	0.122
0.367	0.122	0.017	0.493
0.997	0.001	0.001	0.001
0.859	0.139	0.001	0.001
