>TCCACTAGTCTT	1-TCCACTAGTCTT	15.096400	-20.112977	0	T:3.0(4.41%),B:0.0(0.00%),P:1e-8	Tpos:87.3,Tstd:33.5,Bpos:0.0,Bstd:0.0,StrandBias:10.0,Multiplicity:1.00
0.001	0.001	0.001	0.997
0.001	0.997	0.001	0.001
0.001	0.997	0.001	0.001
0.997	0.001	0.001	0.001
0.001	0.997	0.001	0.001
0.001	0.001	0.001	0.997
0.666	0.001	0.332	0.001
0.001	0.332	0.666	0.001
0.001	0.001	0.001	0.997
0.001	0.997	0.001	0.001
0.001	0.001	0.001	0.997
0.001	0.001	0.001	0.997
>AYMCACCAMMGT	2-AYMCACCAMMGT	11.034005	-18.860837	0	T:4.0(5.88%),B:9.3(0.03%),P:1e-8	Tpos:83.8,Tstd:59.6,Bpos:103.1,Bstd:73.5,StrandBias:1.6,Multiplicity:1.00
0.997	0.001	0.001	0.001
0.001	0.461	0.001	0.537
0.512	0.462	0.025	0.001
0.001	0.974	0.001	0.024
0.997	0.001	0.001	0.001
0.001	0.997	0.001	0.001
0.001	0.997	0.001	0.001
0.997	0.001	0.001	0.001
0.461	0.537	0.001	0.001
0.537	0.461	0.001	0.001
0.001	0.001	0.997	0.001
0.001	0.001	0.001	0.997
>GCCTACAGCATG	3-GCCTACAGCATG	15.096400	-18.035156	0	T:3.0(4.41%),B:2.3(0.01%),P:1e-7	Tpos:81.8,Tstd:41.6,Bpos:111.8,Bstd:24.8,StrandBias:-1.6,Multiplicity:1.33
0.001	0.001	0.997	0.001
0.001	0.997	0.001	0.001
0.001	0.666	0.001	0.332
0.001	0.001	0.001	0.997
0.666	0.001	0.332	0.001
0.001	0.997	0.001	0.001
0.997	0.001	0.001	0.001
0.001	0.001	0.997	0.001
0.001	0.997	0.001	0.001
0.997	0.001	0.001	0.001
0.001	0.001	0.001	0.997
0.001	0.001	0.997	0.001
>CTTGTCAMTGTA	4-CTTGTCAMTGTA	9.769214	-14.653264	0	T:6.0(8.82%),B:124.0(0.41%),P:1e-6	Tpos:115.8,Tstd:62.4,Bpos:94.9,Bstd:60.2,StrandBias:2.3,Multiplicity:1.00
0.001	0.815	0.001	0.183
0.001	0.190	0.001	0.808
0.001	0.001	0.100	0.898
0.101	0.101	0.697	0.101
0.202	0.101	0.001	0.696
0.184	0.708	0.107	0.001
0.898	0.100	0.001	0.001
0.493	0.405	0.001	0.101
0.001	0.001	0.100	0.898
0.273	0.001	0.725	0.001
0.291	0.001	0.001	0.707
0.691	0.101	0.101	0.107
>AAGGCCTTCCCC	5-AAGGCCTTCCCC	7.480015	-14.549107	0	T:18.0(26.47%),B:2054.7(6.83%),P:1e-6	Tpos:83.4,Tstd:53.7,Bpos:100.1,Bstd:60.3,StrandBias:-0.2,Multiplicity:1.11
0.654	0.209	0.001	0.136
0.810	0.001	0.001	0.188
0.204	0.001	0.794	0.001
0.001	0.237	0.710	0.052
0.001	0.863	0.068	0.068
0.189	0.674	0.068	0.069
0.068	0.088	0.001	0.843
0.068	0.136	0.056	0.740
0.001	0.635	0.123	0.241
0.001	0.862	0.069	0.068
0.121	0.810	0.068	0.001
0.129	0.614	0.068	0.189
