>GTGTCCCT	1-GTGTCCCT	6.703306	-14.305524	0	T:25.0(36.23%),B:3677.2(12.78%),P:1e-6	Tpos:111.8,Tstd:59.2,Bpos:100.5,Bstd:61.9,StrandBias:0.3,Multiplicity:1.16
0.055	0.062	0.774	0.109
0.055	0.001	0.067	0.877
0.001	0.042	0.858	0.099
0.044	0.055	0.034	0.867
0.084	0.914	0.001	0.001
0.033	0.935	0.001	0.031
0.001	0.963	0.001	0.035
0.042	0.001	0.109	0.848
>YTRTTWAY	2-YTRTTWAY	5.953619	-11.637642	0	T:32.0(46.38%),B:6429.6(22.34%),P:1e-5	Tpos:93.1,Tstd:56.7,Bpos:99.0,Bstd:71.3,StrandBias:0.0,Multiplicity:1.34
0.096	0.385	0.150	0.369
0.001	0.134	0.001	0.864
0.534	0.001	0.464	0.001
0.001	0.001	0.001	0.997
0.001	0.179	0.001	0.819
0.406	0.001	0.135	0.458
0.625	0.001	0.239	0.135
0.157	0.426	0.001	0.416
>CTWATCAC	3-CTWATCAC	6.709640	-10.090992	0	T:16.0(23.19%),B:2161.7(7.51%),P:1e-4	Tpos:105.4,Tstd:61.5,Bpos:100.9,Bstd:64.7,StrandBias:-0.9,Multiplicity:1.13
0.001	0.820	0.098	0.081
0.181	0.001	0.001	0.817
0.570	0.001	0.001	0.428
0.720	0.001	0.081	0.198
0.001	0.036	0.137	0.826
0.123	0.875	0.001	0.001
0.997	0.001	0.001	0.001
0.001	0.704	0.255	0.040
>GAGGCTAC	4-GAGGCTAC	6.697614	-9.703891	0	T:16.0(23.19%),B:2232.7(7.76%),P:1e-4	Tpos:84.4,Tstd:56.1,Bpos:98.2,Bstd:59.7,StrandBias:0.8,Multiplicity:1.19
0.001	0.159	0.648	0.192
0.997	0.001	0.001	0.001
0.226	0.001	0.772	0.001
0.164	0.001	0.682	0.153
0.001	0.921	0.001	0.077
0.001	0.171	0.104	0.724
0.625	0.306	0.068	0.001
0.298	0.700	0.001	0.001
>ASRTAATC	5-ASRTAATC	6.430685	-8.285483	0	T:14.0(20.29%),B:2005.7(6.97%),P:1e-3	Tpos:108.9,Tstd:59.4,Bpos:99.1,Bstd:64.5,StrandBias:0.2,Multiplicity:1.36
0.531	0.140	0.326	0.003
0.001	0.468	0.530	0.001
0.379	0.166	0.314	0.142
0.001	0.001	0.001	0.997
0.836	0.001	0.001	0.162
0.854	0.001	0.144	0.001
0.013	0.151	0.204	0.632
0.001	0.997	0.001	0.001
