>ATTTTGGG	1-ATTTTGGG	6.652714	-17.088646	0	T:24.0(17.27%),B:1382.8(4.71%),P:1e-7	Tpos:95.1,Tstd:54.3,Bpos:98.3,Bstd:61.8,StrandBias:0.0,Multiplicity:1.08
0.974	0.001	0.024	0.001
0.028	0.001	0.156	0.815
0.001	0.023	0.030	0.946
0.042	0.001	0.066	0.891
0.039	0.094	0.001	0.866
0.001	0.088	0.790	0.121
0.001	0.125	0.819	0.055
0.001	0.001	0.918	0.080
>CTGAACAC	2-CTGAACAC	7.037899	-15.332533	0	T:30.0(21.58%),B:2257.0(7.69%),P:1e-6	Tpos:92.9,Tstd:52.6,Bpos:101.3,Bstd:62.4,StrandBias:-0.4,Multiplicity:1.07
0.001	0.915	0.036	0.048
0.008	0.001	0.001	0.990
0.035	0.029	0.882	0.054
0.826	0.137	0.036	0.001
0.881	0.001	0.117	0.001
0.098	0.900	0.001	0.001
0.709	0.119	0.001	0.171
0.062	0.893	0.013	0.032
>GATTTCAT	3-GATTTCAT	7.431823	-15.229184	0	T:21.0(15.11%),B:1194.3(4.07%),P:1e-6	Tpos:93.5,Tstd:62.9,Bpos:98.8,Bstd:60.7,StrandBias:-0.6,Multiplicity:1.05
0.044	0.075	0.880	0.001
0.924	0.001	0.001	0.074
0.152	0.001	0.001	0.846
0.001	0.143	0.001	0.855
0.001	0.321	0.001	0.677
0.001	0.813	0.185	0.001
0.997	0.001	0.001	0.001
0.001	0.001	0.001	0.997
>AGTAGGTC	4-AGTAGGTC	6.896344	-14.710149	0	T:22.0(15.83%),B:1344.4(4.58%),P:1e-6	Tpos:68.5,Tstd:41.2,Bpos:95.6,Bstd:62.8,StrandBias:-0.1,Multiplicity:1.05
0.997	0.001	0.001	0.001
0.067	0.058	0.815	0.060
0.143	0.017	0.053	0.787
0.947	0.001	0.001	0.051
0.001	0.001	0.997	0.001
0.078	0.035	0.820	0.067
0.057	0.128	0.001	0.814
0.067	0.877	0.001	0.055
>GATCGTAC	5-GATCGTAC	7.752786	-13.048646	0	T:7.0(5.04%),B:121.2(0.41%),P:1e-5	Tpos:110.1,Tstd:51.6,Bpos:102.0,Bstd:61.0,StrandBias:2.6,Multiplicity:1.00
0.001	0.001	0.997	0.001
0.997	0.001	0.001	0.001
0.001	0.001	0.101	0.897
0.001	0.876	0.061	0.062
0.076	0.069	0.796	0.059
0.131	0.001	0.126	0.742
0.997	0.001	0.001	0.001
0.001	0.891	0.107	0.001
