>ACATGAGGCT	1-ACATGAGGCT	10.386232	-20.168205	0	T:10.0(7.19%),B:139.1(0.47%),P:1e-8	Tpos:105.3,Tstd:36.1,Bpos:98.2,Bstd:63.6,StrandBias:-0.6,Multiplicity:1.00
0.834	0.084	0.001	0.081
0.080	0.918	0.001	0.001
0.898	0.100	0.001	0.001
0.001	0.001	0.001	0.997
0.135	0.001	0.741	0.123
0.942	0.001	0.001	0.056
0.001	0.001	0.997	0.001
0.001	0.001	0.997	0.001
0.123	0.748	0.128	0.001
0.001	0.001	0.001	0.997
>CTCAGCCTGA	2-CTCAGCCTGA	9.217825	-17.202581	0	T:19.0(13.67%),B:866.3(2.95%),P:1e-7	Tpos:116.9,Tstd:49.7,Bpos:103.7,Bstd:65.9,StrandBias:0.1,Multiplicity:1.00
0.001	0.997	0.001	0.001
0.001	0.259	0.132	0.608
0.001	0.931	0.067	0.001
0.945	0.001	0.001	0.053
0.001	0.001	0.997	0.001
0.096	0.506	0.269	0.129
0.001	0.921	0.077	0.001
0.277	0.140	0.001	0.582
0.001	0.133	0.865	0.001
0.853	0.099	0.047	0.001
>TCCCTGAGGG	3-TCCCTGAGGG	9.140814	-16.418354	0	T:13.0(9.35%),B:400.3(1.36%),P:1e-7	Tpos:89.4,Tstd:50.4,Bpos:96.4,Bstd:64.5,StrandBias:-1.5,Multiplicity:1.00
0.140	0.001	0.001	0.858
0.001	0.783	0.092	0.124
0.122	0.876	0.001	0.001
0.001	0.997	0.001	0.001
0.076	0.001	0.001	0.922
0.001	0.102	0.896	0.001
0.928	0.001	0.001	0.070
0.001	0.036	0.962	0.001
0.001	0.001	0.884	0.114
0.098	0.001	0.900	0.001
>CGACRTGGCY	4-CGACRTGGCY	7.513350	-14.468316	0	T:6.0(4.32%),B:60.6(0.21%),P:1e-6	Tpos:56.8,Tstd:48.1,Bpos:108.3,Bstd:65.2,StrandBias:1.0,Multiplicity:1.00
0.001	0.997	0.001	0.001
0.001	0.001	0.997	0.001
0.997	0.001	0.001	0.001
0.001	0.917	0.081	0.001
0.456	0.001	0.542	0.001
0.001	0.001	0.001	0.997
0.004	0.001	0.994	0.001
0.001	0.001	0.997	0.001
0.001	0.923	0.075	0.001
0.001	0.456	0.001	0.542
>CCAAAAAAAA	5-CCAAAAAAAA	10.195860	-11.895666	0	T:9.0(6.47%),B:271.4(0.92%),P:1e-5	Tpos:95.3,Tstd:52.6,Bpos:99.9,Bstd:66.3,StrandBias:-0.6,Multiplicity:1.00
0.098	0.829	0.001	0.072
0.303	0.637	0.001	0.059
0.997	0.001	0.001	0.001
0.877	0.121	0.001	0.001
0.856	0.142	0.001	0.001
0.930	0.055	0.007	0.008
0.806	0.001	0.001	0.192
0.699	0.001	0.001	0.299
0.997	0.001	0.001	0.001
0.746	0.252	0.001	0.001
