>ACATGAGGCT	1-ACATGAGGCT	10.386232	-20.168205	0	T:10.0(7.19%),B:139.1(0.47%),P:1e-8	Tpos:105.3,Tstd:36.1,Bpos:98.2,Bstd:63.6,StrandBias:-0.6,Multiplicity:1.00
0.834	0.084	0.001	0.081
0.080	0.918	0.001	0.001
0.898	0.100	0.001	0.001
0.001	0.001	0.001	0.997
0.135	0.001	0.741	0.123
0.942	0.001	0.001	0.056
0.001	0.001	0.997	0.001
0.001	0.001	0.997	0.001
0.123	0.748	0.128	0.001
0.001	0.001	0.001	0.997
>CTCAGCCTGA	2-CTCAGCCTGA	9.217825	-17.202581	0	T:19.0(13.67%),B:866.3(2.95%),P:1e-7	Tpos:116.9,Tstd:49.7,Bpos:103.7,Bstd:65.9,StrandBias:0.1,Multiplicity:1.00
0.001	0.997	0.001	0.001
0.001	0.259	0.132	0.608
0.001	0.931	0.067	0.001
0.945	0.001	0.001	0.053
0.001	0.001	0.997	0.001
0.096	0.506	0.269	0.129
0.001	0.921	0.077	0.001
0.277	0.140	0.001	0.582
0.001	0.133	0.865	0.001
0.853	0.099	0.047	0.001
>TCCCTGAGGG	3-TCCCTGAGGG	9.140814	-16.418354	0	T:13.0(9.35%),B:400.3(1.36%),P:1e-7	Tpos:89.4,Tstd:50.4,Bpos:96.4,Bstd:64.5,StrandBias:-1.5,Multiplicity:1.00
0.140	0.001	0.001	0.858
0.001	0.783	0.092	0.124
0.122	0.876	0.001	0.001
0.001	0.997	0.001	0.001
0.076	0.001	0.001	0.922
0.001	0.102	0.896	0.001
0.928	0.001	0.001	0.070
0.001	0.036	0.962	0.001
0.001	0.001	0.884	0.114
0.098	0.001	0.900	0.001
>CGACRTGGCY	4-CGACRTGGCY	7.513350	-14.468316	0	T:6.0(4.32%),B:60.6(0.21%),P:1e-6	Tpos:56.8,Tstd:48.1,Bpos:108.3,Bstd:65.2,StrandBias:1.0,Multiplicity:1.00
0.001	0.997	0.001	0.001
0.001	0.001	0.997	0.001
0.997	0.001	0.001	0.001
0.001	0.917	0.081	0.001
0.456	0.001	0.542	0.001
0.001	0.001	0.001	0.997
0.004	0.001	0.994	0.001
0.001	0.001	0.997	0.001
0.001	0.923	0.075	0.001
0.001	0.456	0.001	0.542
>CCAAAAAAAA	5-CCAAAAAAAA	10.195860	-11.895666	0	T:9.0(6.47%),B:271.4(0.92%),P:1e-5	Tpos:95.3,Tstd:52.6,Bpos:99.9,Bstd:66.3,StrandBias:-0.6,Multiplicity:1.00
0.098	0.829	0.001	0.072
0.303	0.637	0.001	0.059
0.997	0.001	0.001	0.001
0.877	0.121	0.001	0.001
0.856	0.142	0.001	0.001
0.930	0.055	0.007	0.008
0.806	0.001	0.001	0.192
0.699	0.001	0.001	0.299
0.997	0.001	0.001	0.001
0.746	0.252	0.001	0.001
>TTGTGCTGTCAC	1-TTGTGCTGTCAC	13.629462	-20.669169	0	T:5.0(3.60%),B:9.2(0.03%),P:1e-8	Tpos:104.8,Tstd:27.5,Bpos:114.5,Bstd:55.8,StrandBias:-2.0,Multiplicity:1.00
0.001	0.199	0.001	0.799
0.001	0.001	0.199	0.799
0.001	0.001	0.997	0.001
0.399	0.001	0.001	0.599
0.001	0.001	0.997	0.001
0.001	0.997	0.001	0.001
0.001	0.001	0.001	0.997
0.001	0.001	0.997	0.001
0.001	0.001	0.001	0.997
0.001	0.997	0.001	0.001
0.997	0.001	0.001	0.001
0.001	0.799	0.199	0.001
>GTTWTGCAAGCT	2-GTTWTGCAAGCT	10.029552	-20.236412	0	T:10.0(7.19%),B:139.0(0.47%),P:1e-8	Tpos:104.0,Tstd:53.4,Bpos:104.3,Bstd:60.0,StrandBias:-0.8,Multiplicity:1.10
0.001	0.001	0.676	0.322
0.001	0.001	0.001	0.997
0.001	0.322	0.001	0.676
0.484	0.001	0.001	0.514
0.001	0.323	0.161	0.515
0.338	0.161	0.500	0.001
0.161	0.662	0.176	0.001
0.837	0.161	0.001	0.001
0.997	0.001	0.001	0.001
0.001	0.001	0.997	0.001
0.001	0.997	0.001	0.001
0.161	0.161	0.001	0.677
>TCTGGGGCTTGT	3-TCTGGGGCTTGT	11.234267	-19.827576	0	T:7.0(5.04%),B:44.9(0.15%),P:1e-8	Tpos:76.6,Tstd:33.5,Bpos:109.7,Bstd:69.5,StrandBias:-1.3,Multiplicity:1.00
0.192	0.001	0.001	0.806
0.001	0.997	0.001	0.001
0.001	0.385	0.001	0.613
0.001	0.385	0.613	0.001
0.192	0.001	0.806	0.001
0.193	0.001	0.613	0.193
0.001	0.192	0.806	0.001
0.001	0.806	0.001	0.192
0.001	0.001	0.001	0.997
0.001	0.001	0.001	0.997
0.001	0.001	0.997	0.001
0.001	0.001	0.001	0.997
>CACCCCTCACCC	4-CACCCCTCACCC	13.915956	-16.971116	0	T:5.0(3.60%),B:19.3(0.07%),P:1e-7	Tpos:108.7,Tstd:62.7,Bpos:107.1,Bstd:58.5,StrandBias:0.0,Multiplicity:1.20
0.001	0.997	0.001	0.001
0.675	0.173	0.151	0.001
0.001	0.997	0.001	0.001
0.001	0.848	0.150	0.001
0.001	0.997	0.001	0.001
0.001	0.848	0.001	0.150
0.001	0.001	0.001	0.997
0.001	0.826	0.172	0.001
0.949	0.049	0.001	0.001
0.001	0.997	0.001	0.001
0.001	0.997	0.001	0.001
0.001	0.997	0.001	0.001
>WTTTCTYTTWHA	5-WTTTCTYTTWHA	6.865379	-7.113181	0	T:26.0(18.71%),B:2839.5(9.68%),P:1e-3	Tpos:97.3,Tstd:57.0,Bpos:101.1,Bstd:62.6,StrandBias:0.2,Multiplicity:1.31
0.400	0.001	0.120	0.478
0.399	0.001	0.039	0.561
0.240	0.001	0.039	0.720
0.238	0.121	0.120	0.521
0.001	0.597	0.001	0.401
0.001	0.159	0.001	0.839
0.161	0.359	0.079	0.400
0.161	0.280	0.001	0.558
0.040	0.320	0.040	0.600
0.440	0.001	0.079	0.480
0.282	0.358	0.040	0.320
0.559	0.079	0.241	0.121
>ATTTTGGG	1-ATTTTGGG	6.652714	-17.088646	0	T:24.0(17.27%),B:1382.8(4.71%),P:1e-7	Tpos:95.1,Tstd:54.3,Bpos:98.3,Bstd:61.8,StrandBias:0.0,Multiplicity:1.08
0.974	0.001	0.024	0.001
0.028	0.001	0.156	0.815
0.001	0.023	0.030	0.946
0.042	0.001	0.066	0.891
0.039	0.094	0.001	0.866
0.001	0.088	0.790	0.121
0.001	0.125	0.819	0.055
0.001	0.001	0.918	0.080
>CTGAACAC	2-CTGAACAC	7.037899	-15.332533	0	T:30.0(21.58%),B:2257.0(7.69%),P:1e-6	Tpos:92.9,Tstd:52.6,Bpos:101.3,Bstd:62.4,StrandBias:-0.4,Multiplicity:1.07
0.001	0.915	0.036	0.048
0.008	0.001	0.001	0.990
0.035	0.029	0.882	0.054
0.826	0.137	0.036	0.001
0.881	0.001	0.117	0.001
0.098	0.900	0.001	0.001
0.709	0.119	0.001	0.171
0.062	0.893	0.013	0.032
>GATTTCAT	3-GATTTCAT	7.431823	-15.229184	0	T:21.0(15.11%),B:1194.3(4.07%),P:1e-6	Tpos:93.5,Tstd:62.9,Bpos:98.8,Bstd:60.7,StrandBias:-0.6,Multiplicity:1.05
0.044	0.075	0.880	0.001
0.924	0.001	0.001	0.074
0.152	0.001	0.001	0.846
0.001	0.143	0.001	0.855
0.001	0.321	0.001	0.677
0.001	0.813	0.185	0.001
0.997	0.001	0.001	0.001
0.001	0.001	0.001	0.997
>AGTAGGTC	4-AGTAGGTC	6.896344	-14.710149	0	T:22.0(15.83%),B:1344.4(4.58%),P:1e-6	Tpos:68.5,Tstd:41.2,Bpos:95.6,Bstd:62.8,StrandBias:-0.1,Multiplicity:1.05
0.997	0.001	0.001	0.001
0.067	0.058	0.815	0.060
0.143	0.017	0.053	0.787
0.947	0.001	0.001	0.051
0.001	0.001	0.997	0.001
0.078	0.035	0.820	0.067
0.057	0.128	0.001	0.814
0.067	0.877	0.001	0.055
>GATCGTAC	5-GATCGTAC	7.752786	-13.048646	0	T:7.0(5.04%),B:121.2(0.41%),P:1e-5	Tpos:110.1,Tstd:51.6,Bpos:102.0,Bstd:61.0,StrandBias:2.6,Multiplicity:1.00
0.001	0.001	0.997	0.001
0.997	0.001	0.001	0.001
0.001	0.001	0.101	0.897
0.001	0.876	0.061	0.062
0.076	0.069	0.796	0.059
0.131	0.001	0.126	0.742
0.997	0.001	0.001	0.001
0.001	0.891	0.107	0.001
