>TTGTGCTGTCAC	1-TTGTGCTGTCAC	13.629462	-20.669169	0	T:5.0(3.60%),B:9.2(0.03%),P:1e-8	Tpos:104.8,Tstd:27.5,Bpos:114.5,Bstd:55.8,StrandBias:-2.0,Multiplicity:1.00
0.001	0.199	0.001	0.799
0.001	0.001	0.199	0.799
0.001	0.001	0.997	0.001
0.399	0.001	0.001	0.599
0.001	0.001	0.997	0.001
0.001	0.997	0.001	0.001
0.001	0.001	0.001	0.997
0.001	0.001	0.997	0.001
0.001	0.001	0.001	0.997
0.001	0.997	0.001	0.001
0.997	0.001	0.001	0.001
0.001	0.799	0.199	0.001
>GTTWTGCAAGCT	2-GTTWTGCAAGCT	10.029552	-20.236412	0	T:10.0(7.19%),B:139.0(0.47%),P:1e-8	Tpos:104.0,Tstd:53.4,Bpos:104.3,Bstd:60.0,StrandBias:-0.8,Multiplicity:1.10
0.001	0.001	0.676	0.322
0.001	0.001	0.001	0.997
0.001	0.322	0.001	0.676
0.484	0.001	0.001	0.514
0.001	0.323	0.161	0.515
0.338	0.161	0.500	0.001
0.161	0.662	0.176	0.001
0.837	0.161	0.001	0.001
0.997	0.001	0.001	0.001
0.001	0.001	0.997	0.001
0.001	0.997	0.001	0.001
0.161	0.161	0.001	0.677
>TCTGGGGCTTGT	3-TCTGGGGCTTGT	11.234267	-19.827576	0	T:7.0(5.04%),B:44.9(0.15%),P:1e-8	Tpos:76.6,Tstd:33.5,Bpos:109.7,Bstd:69.5,StrandBias:-1.3,Multiplicity:1.00
0.192	0.001	0.001	0.806
0.001	0.997	0.001	0.001
0.001	0.385	0.001	0.613
0.001	0.385	0.613	0.001
0.192	0.001	0.806	0.001
0.193	0.001	0.613	0.193
0.001	0.192	0.806	0.001
0.001	0.806	0.001	0.192
0.001	0.001	0.001	0.997
0.001	0.001	0.001	0.997
0.001	0.001	0.997	0.001
0.001	0.001	0.001	0.997
>CACCCCTCACCC	4-CACCCCTCACCC	13.915956	-16.971116	0	T:5.0(3.60%),B:19.3(0.07%),P:1e-7	Tpos:108.7,Tstd:62.7,Bpos:107.1,Bstd:58.5,StrandBias:0.0,Multiplicity:1.20
0.001	0.997	0.001	0.001
0.675	0.173	0.151	0.001
0.001	0.997	0.001	0.001
0.001	0.848	0.150	0.001
0.001	0.997	0.001	0.001
0.001	0.848	0.001	0.150
0.001	0.001	0.001	0.997
0.001	0.826	0.172	0.001
0.949	0.049	0.001	0.001
0.001	0.997	0.001	0.001
0.001	0.997	0.001	0.001
0.001	0.997	0.001	0.001
>WTTTCTYTTWHA	5-WTTTCTYTTWHA	6.865379	-7.113181	0	T:26.0(18.71%),B:2839.5(9.68%),P:1e-3	Tpos:97.3,Tstd:57.0,Bpos:101.1,Bstd:62.6,StrandBias:0.2,Multiplicity:1.31
0.400	0.001	0.120	0.478
0.399	0.001	0.039	0.561
0.240	0.001	0.039	0.720
0.238	0.121	0.120	0.521
0.001	0.597	0.001	0.401
0.001	0.159	0.001	0.839
0.161	0.359	0.079	0.400
0.161	0.280	0.001	0.558
0.040	0.320	0.040	0.600
0.440	0.001	0.079	0.480
0.282	0.358	0.040	0.320
0.559	0.079	0.241	0.121
