>ATGACTCAHW	1-ATGACTCAHW	6.690503	-61.217788	0	T:72.0(34.62%),B:3924.3(8.06%),P:1e-26	Tpos:104.5,Tstd:52.3,Bpos:99.2,Bstd:61.5,StrandBias:-0.2,Multiplicity:1.14
0.542	0.160	0.202	0.096
0.001	0.001	0.001	0.997
0.001	0.001	0.610	0.388
0.947	0.001	0.051	0.001
0.300	0.494	0.201	0.005
0.098	0.001	0.148	0.753
0.079	0.919	0.001	0.001
0.997	0.001	0.001	0.001
0.217	0.328	0.145	0.311
0.275	0.241	0.064	0.420
>TGTTTACTCA	2-TGTTTACTCA	8.356317	-42.779110	0	T:36.0(17.31%),B:1257.3(2.58%),P:1e-18	Tpos:111.1,Tstd:51.0,Bpos:100.4,Bstd:60.8,StrandBias:0.2,Multiplicity:1.14
0.001	0.122	0.163	0.714
0.359	0.001	0.639	0.001
0.001	0.001	0.001	0.997
0.001	0.001	0.001	0.997
0.001	0.001	0.289	0.709
0.561	0.059	0.379	0.001
0.001	0.860	0.001	0.138
0.001	0.001	0.152	0.846
0.072	0.581	0.096	0.251
0.727	0.001	0.001	0.271
>GTATTGATTK	3-GTATTGATTK	8.578599	-37.484823	0	T:23.0(11.06%),B:494.2(1.02%),P:1e-16	Tpos:96.7,Tstd:47.8,Bpos:103.5,Bstd:63.2,StrandBias:-0.3,Multiplicity:1.00
0.066	0.001	0.639	0.294
0.066	0.062	0.066	0.806
0.945	0.001	0.053	0.001
0.001	0.001	0.001	0.997
0.051	0.001	0.001	0.947
0.001	0.001	0.997	0.001
0.997	0.001	0.001	0.001
0.058	0.001	0.149	0.792
0.001	0.208	0.196	0.595
0.087	0.191	0.302	0.420
>GTCTTATCAG	4-GTCTTATCAG	9.000844	-28.400350	0	T:16.0(7.69%),B:300.1(0.62%),P:1e-12	Tpos:110.1,Tstd:37.7,Bpos:96.5,Bstd:62.5,StrandBias:-0.6,Multiplicity:1.00
0.108	0.113	0.778	0.001
0.001	0.132	0.001	0.866
0.001	0.785	0.116	0.098
0.124	0.001	0.001	0.874
0.001	0.001	0.001	0.997
0.997	0.001	0.001	0.001
0.001	0.001	0.001	0.997
0.001	0.997	0.001	0.001
0.997	0.001	0.001	0.001
0.170	0.001	0.828	0.001
>AGTCTTTATC	5-AGTCTTTATC	9.163429	-26.154809	0	T:13.0(6.25%),B:193.6(0.40%),P:1e-11	Tpos:77.0,Tstd:63.6,Bpos:103.9,Bstd:61.1,StrandBias:-0.2,Multiplicity:1.00
0.902	0.001	0.001	0.096
0.001	0.001	0.997	0.001
0.001	0.104	0.001	0.894
0.001	0.864	0.134	0.001
0.001	0.001	0.001	0.997
0.001	0.001	0.109	0.889
0.001	0.109	0.001	0.889
0.896	0.001	0.102	0.001
0.001	0.001	0.001	0.997
0.120	0.780	0.001	0.099
>TAGGGCAAAG	6-TAGGGCAAAG	9.380319	-25.789203	0	T:17.0(8.17%),B:420.6(0.86%),P:1e-11	Tpos:119.4,Tstd:35.0,Bpos:101.5,Bstd:62.8,StrandBias:-1.7,Multiplicity:1.00
0.073	0.027	0.079	0.821
0.924	0.001	0.074	0.001
0.001	0.001	0.869	0.129
0.092	0.001	0.906	0.001
0.099	0.001	0.899	0.001
0.001	0.997	0.001	0.001
0.888	0.001	0.001	0.110
0.826	0.095	0.078	0.001
0.997	0.001	0.001	0.001
0.120	0.001	0.878	0.001
>WGGTCTGTTT	7-WGGTCTGTTT	8.083883	-24.578842	0	T:23.0(11.06%),B:928.5(1.91%),P:1e-10	Tpos:94.0,Tstd:55.8,Bpos:99.1,Bstd:58.9,StrandBias:0.1,Multiplicity:1.00
0.397	0.001	0.107	0.495
0.041	0.034	0.744	0.181
0.017	0.152	0.747	0.084
0.001	0.111	0.167	0.721
0.045	0.622	0.263	0.070
0.001	0.037	0.001	0.961
0.001	0.335	0.595	0.069
0.134	0.034	0.001	0.831
0.172	0.283	0.036	0.509
0.179	0.089	0.059	0.673
>TTTCCTCATG	8-TTTCCTCATG	9.852367	-24.095481	0	T:17.0(8.17%),B:469.5(0.96%),P:1e-10	Tpos:113.9,Tstd:58.0,Bpos:97.3,Bstd:56.2,StrandBias:1.3,Multiplicity:1.00
0.097	0.076	0.091	0.736
0.001	0.001	0.062	0.936
0.001	0.001	0.001	0.997
0.001	0.931	0.001	0.067
0.086	0.709	0.138	0.067
0.066	0.001	0.001	0.932
0.001	0.939	0.059	0.001
0.949	0.049	0.001	0.001
0.001	0.001	0.001	0.997
0.001	0.063	0.935	0.001
>ATATGCCAGC	9-ATATGCCAGC	6.746822	-22.129168	0	T:47.0(22.60%),B:4041.8(8.31%),P:1e-9	Tpos:99.2,Tstd:53.7,Bpos:98.9,Bstd:60.5,StrandBias:0.6,Multiplicity:1.24
0.791	0.083	0.018	0.108
0.127	0.101	0.136	0.636
0.635	0.100	0.131	0.134
0.080	0.001	0.083	0.836
0.001	0.015	0.921	0.063
0.049	0.746	0.078	0.127
0.102	0.789	0.025	0.084
0.959	0.001	0.001	0.039
0.054	0.001	0.875	0.070
0.066	0.823	0.087	0.024
>ACTGGGTCAC	10-ACTGGGTCAC	10.514291	-19.798742	0	T:13.0(6.25%),B:327.8(0.67%),P:1e-8	Tpos:119.1,Tstd:46.4,Bpos:99.8,Bstd:62.6,StrandBias:0.7,Multiplicity:1.00
0.734	0.071	0.093	0.102
0.001	0.997	0.001	0.001
0.001	0.001	0.001	0.997
0.001	0.001	0.856	0.142
0.001	0.001	0.898	0.100
0.110	0.001	0.888	0.001
0.001	0.082	0.109	0.808
0.001	0.997	0.001	0.001
0.908	0.090	0.001	0.001
0.001	0.997	0.001	0.001
>GTATTGATTG	11-GTATTGATTG	7.411050	-17.971670	0	T:26.0(12.50%),B:1662.3(3.42%),P:1e-7	Tpos:108.5,Tstd:53.9,Bpos:98.1,Bstd:63.5,StrandBias:-1.0,Multiplicity:1.00
0.001	0.001	0.819	0.179
0.095	0.046	0.001	0.858
0.678	0.001	0.120	0.201
0.121	0.119	0.052	0.708
0.065	0.001	0.063	0.871
0.060	0.056	0.791	0.093
0.778	0.001	0.119	0.102
0.058	0.233	0.001	0.708
0.065	0.001	0.052	0.882
0.001	0.001	0.903	0.095
>CATTGATCAG	12-CATTGATCAG	8.961114	-17.606986	0	T:12.0(5.77%),B:324.7(0.67%),P:1e-7	Tpos:88.5,Tstd:53.2,Bpos:95.7,Bstd:64.7,StrandBias:0.7,Multiplicity:1.00
0.142	0.856	0.001	0.001
0.870	0.001	0.001	0.128
0.001	0.108	0.001	0.890
0.001	0.001	0.001	0.997
0.001	0.001	0.902	0.096
0.782	0.103	0.001	0.114
0.001	0.001	0.001	0.997
0.001	0.974	0.001	0.024
0.870	0.001	0.001	0.128
0.001	0.001	0.872	0.126
>VCCACACCCT	13-VCCACACCCT	8.654140	-16.787929	0	T:26.0(12.50%),B:1765.8(3.63%),P:1e-7	Tpos:111.4,Tstd:53.0,Bpos:99.9,Bstd:62.0,StrandBias:-0.3,Multiplicity:1.12
0.322	0.202	0.319	0.156
0.053	0.945	0.001	0.001
0.001	0.997	0.001	0.001
0.795	0.127	0.001	0.077
0.004	0.994	0.001	0.001
0.734	0.001	0.001	0.264
0.082	0.777	0.001	0.140
0.001	0.997	0.001	0.001
0.001	0.872	0.126	0.001
0.264	0.021	0.001	0.714
>TTCCTGGAAG	14-TTCCTGGAAG	9.537560	-14.666921	0	T:14.0(6.73%),B:601.2(1.24%),P:1e-6	Tpos:123.3,Tstd:55.5,Bpos:105.3,Bstd:58.8,StrandBias:-0.3,Multiplicity:1.00
0.148	0.117	0.001	0.734
0.199	0.301	0.001	0.499
0.001	0.818	0.001	0.180
0.001	0.997	0.001	0.001
0.390	0.001	0.001	0.608
0.001	0.001	0.997	0.001
0.080	0.001	0.841	0.078
0.905	0.001	0.064	0.030
0.997	0.001	0.001	0.001
0.120	0.107	0.604	0.169
>CGCCCCAGCG	15-CGCCCCAGCG	11.619156	-14.518290	0	T:4.0(1.92%),B:14.2(0.03%),P:1e-6	Tpos:50.0,Tstd:50.2,Bpos:101.3,Bstd:34.3,StrandBias:1.6,Multiplicity:1.00
0.170	0.765	0.064	0.001
0.030	0.160	0.809	0.001
0.001	0.793	0.205	0.001
0.075	0.752	0.119	0.054
0.137	0.812	0.050	0.001
0.001	0.997	0.001	0.001
0.767	0.048	0.184	0.001
0.064	0.191	0.634	0.111
0.066	0.869	0.064	0.001
0.085	0.001	0.840	0.074
