>RTGACTCA	1-RTGACTCA	5.071117	-56.161106	0	T:87.0(41.83%),B:6277.6(12.90%),P:1e-24	Tpos:104.1,Tstd:52.5,Bpos:99.9,Bstd:62.1,StrandBias:0.1,Multiplicity:1.26
0.440	0.095	0.316	0.149
0.001	0.001	0.001	0.997
0.001	0.001	0.912	0.086
0.997	0.001	0.001	0.001
0.108	0.505	0.309	0.078
0.001	0.001	0.001	0.997
0.263	0.735	0.001	0.001
0.997	0.001	0.001	0.001
>AGCAAATA	2-AGCAAATA	7.585888	-39.851195	0	T:45.0(21.63%),B:2255.8(4.64%),P:1e-17	Tpos:105.9,Tstd:53.4,Bpos:100.0,Bstd:63.4,StrandBias:0.1,Multiplicity:1.09
0.779	0.001	0.163	0.057
0.037	0.001	0.859	0.103
0.014	0.908	0.059	0.019
0.990	0.008	0.001	0.001
0.997	0.001	0.001	0.001
0.988	0.010	0.001	0.001
0.001	0.299	0.001	0.699
0.992	0.001	0.001	0.006
>TAGGCGTG	3-TAGGCGTG	4.148108	-35.757099	0	T:43.0(20.67%),B:2297.5(4.72%),P:1e-15	Tpos:102.2,Tstd:56.4,Bpos:100.1,Bstd:64.1,StrandBias:-0.4,Multiplicity:1.10
0.001	0.001	0.004	0.994
0.598	0.010	0.391	0.001
0.001	0.001	0.997	0.001
0.001	0.001	0.997	0.001
0.001	0.588	0.001	0.410
0.001	0.001	0.997	0.001
0.001	0.001	0.001	0.997
0.001	0.001	0.997	0.001
>TATTGATT	4-TATTGATT	8.393781	-29.708966	0	T:24.0(11.54%),B:795.7(1.64%),P:1e-12	Tpos:96.9,Tstd:50.7,Bpos:100.5,Bstd:62.6,StrandBias:0.1,Multiplicity:1.05
0.052	0.094	0.001	0.853
0.926	0.001	0.072	0.001
0.001	0.001	0.001	0.997
0.001	0.001	0.001	0.997
0.001	0.001	0.997	0.001
0.997	0.001	0.001	0.001
0.001	0.001	0.115	0.883
0.001	0.110	0.001	0.888
>GGYAGGGC	5-GGYAGGGC	6.921154	-21.751554	0	T:75.0(36.06%),B:8694.9(17.87%),P:1e-9	Tpos:106.1,Tstd:51.8,Bpos:98.8,Bstd:63.6,StrandBias:-0.2,Multiplicity:1.29
0.001	0.001	0.997	0.001
0.001	0.001	0.997	0.001
0.119	0.419	0.114	0.347
0.512	0.078	0.103	0.307
0.001	0.001	0.997	0.001
0.001	0.001	0.946	0.052
0.205	0.001	0.793	0.001
0.001	0.582	0.001	0.416
>CGGGAAGT	6-CGGGAAGT	6.582939	-17.450534	0	T:51.0(24.52%),B:5328.7(10.95%),P:1e-7	Tpos:86.9,Tstd:54.6,Bpos:99.0,Bstd:59.6,StrandBias:0.1,Multiplicity:1.21
0.087	0.678	0.141	0.094
0.297	0.115	0.511	0.077
0.077	0.123	0.778	0.022
0.075	0.019	0.905	0.001
0.778	0.001	0.196	0.025
0.927	0.001	0.053	0.019
0.058	0.095	0.799	0.048
0.046	0.092	0.213	0.649
>GATAACCG	7-GATAACCG	5.132176	-17.042015	0	T:41.0(19.71%),B:3814.1(7.84%),P:1e-7	Tpos:95.9,Tstd:52.0,Bpos:99.8,Bstd:61.1,StrandBias:-0.1,Multiplicity:1.22
0.102	0.081	0.735	0.082
0.845	0.008	0.061	0.086
0.077	0.084	0.071	0.768
0.763	0.061	0.062	0.114
0.718	0.039	0.110	0.133
0.138	0.712	0.104	0.046
0.160	0.712	0.069	0.059
0.101	0.077	0.759	0.063
>CACGTGGC	8-CACGTGGC	7.564458	-16.736839	0	T:32.0(15.38%),B:2553.8(5.25%),P:1e-7	Tpos:101.8,Tstd:58.3,Bpos:100.4,Bstd:63.7,StrandBias:0.8,Multiplicity:1.09
0.001	0.997	0.001	0.001
0.997	0.001	0.001	0.001
0.244	0.655	0.100	0.001
0.091	0.001	0.907	0.001
0.001	0.001	0.001	0.997
0.001	0.117	0.881	0.001
0.001	0.031	0.930	0.038
0.087	0.623	0.061	0.229
>ATCGATCA	9-ATCGATCA	6.946341	-10.772023	0	T:11.0(5.29%),B:528.5(1.09%),P:1e-4	Tpos:103.9,Tstd:47.2,Bpos:101.8,Bstd:62.3,StrandBias:0.7,Multiplicity:1.09
0.832	0.001	0.001	0.166
0.001	0.001	0.001	0.997
0.001	0.869	0.011	0.119
0.001	0.083	0.915	0.001
0.799	0.001	0.199	0.001
0.001	0.001	0.001	0.997
0.158	0.609	0.001	0.232
0.508	0.012	0.281	0.199
>TTGTTTGA	10-TTGTTTGA	8.236954	-9.188671	0	T:8.0(3.85%),B:330.4(0.68%),P:1e-3	Tpos:101.8,Tstd:53.5,Bpos:98.3,Bstd:60.1,StrandBias:-0.3,Multiplicity:1.12
0.100	0.100	0.100	0.700
0.100	0.100	0.100	0.700
0.100	0.100	0.700	0.100
0.100	0.100	0.100	0.700
0.100	0.100	0.100	0.700
0.100	0.100	0.100	0.700
0.100	0.100	0.700	0.100
0.700	0.100	0.100	0.100
