>ATGACTCAHW	1-ATGACTCAHW	6.690503	-61.217788	0	T:72.0(34.62%),B:3924.3(8.06%),P:1e-26	Tpos:104.5,Tstd:52.3,Bpos:99.2,Bstd:61.5,StrandBias:-0.2,Multiplicity:1.14
0.542	0.160	0.202	0.096
0.001	0.001	0.001	0.997
0.001	0.001	0.610	0.388
0.947	0.001	0.051	0.001
0.300	0.494	0.201	0.005
0.098	0.001	0.148	0.753
0.079	0.919	0.001	0.001
0.997	0.001	0.001	0.001
0.217	0.328	0.145	0.311
0.275	0.241	0.064	0.420
>TGTTTACTCA	2-TGTTTACTCA	8.356317	-42.779110	0	T:36.0(17.31%),B:1257.3(2.58%),P:1e-18	Tpos:111.1,Tstd:51.0,Bpos:100.4,Bstd:60.8,StrandBias:0.2,Multiplicity:1.14
0.001	0.122	0.163	0.714
0.359	0.001	0.639	0.001
0.001	0.001	0.001	0.997
0.001	0.001	0.001	0.997
0.001	0.001	0.289	0.709
0.561	0.059	0.379	0.001
0.001	0.860	0.001	0.138
0.001	0.001	0.152	0.846
0.072	0.581	0.096	0.251
0.727	0.001	0.001	0.271
>GTATTGATTK	3-GTATTGATTK	8.578599	-37.484823	0	T:23.0(11.06%),B:494.2(1.02%),P:1e-16	Tpos:96.7,Tstd:47.8,Bpos:103.5,Bstd:63.2,StrandBias:-0.3,Multiplicity:1.00
0.066	0.001	0.639	0.294
0.066	0.062	0.066	0.806
0.945	0.001	0.053	0.001
0.001	0.001	0.001	0.997
0.051	0.001	0.001	0.947
0.001	0.001	0.997	0.001
0.997	0.001	0.001	0.001
0.058	0.001	0.149	0.792
0.001	0.208	0.196	0.595
0.087	0.191	0.302	0.420
>GTCTTATCAG	4-GTCTTATCAG	9.000844	-28.400350	0	T:16.0(7.69%),B:300.1(0.62%),P:1e-12	Tpos:110.1,Tstd:37.7,Bpos:96.5,Bstd:62.5,StrandBias:-0.6,Multiplicity:1.00
0.108	0.113	0.778	0.001
0.001	0.132	0.001	0.866
0.001	0.785	0.116	0.098
0.124	0.001	0.001	0.874
0.001	0.001	0.001	0.997
0.997	0.001	0.001	0.001
0.001	0.001	0.001	0.997
0.001	0.997	0.001	0.001
0.997	0.001	0.001	0.001
0.170	0.001	0.828	0.001
>AGTCTTTATC	5-AGTCTTTATC	9.163429	-26.154809	0	T:13.0(6.25%),B:193.6(0.40%),P:1e-11	Tpos:77.0,Tstd:63.6,Bpos:103.9,Bstd:61.1,StrandBias:-0.2,Multiplicity:1.00
0.902	0.001	0.001	0.096
0.001	0.001	0.997	0.001
0.001	0.104	0.001	0.894
0.001	0.864	0.134	0.001
0.001	0.001	0.001	0.997
0.001	0.001	0.109	0.889
0.001	0.109	0.001	0.889
0.896	0.001	0.102	0.001
0.001	0.001	0.001	0.997
0.120	0.780	0.001	0.099
>TAGGGCAAAG	6-TAGGGCAAAG	9.380319	-25.789203	0	T:17.0(8.17%),B:420.6(0.86%),P:1e-11	Tpos:119.4,Tstd:35.0,Bpos:101.5,Bstd:62.8,StrandBias:-1.7,Multiplicity:1.00
0.073	0.027	0.079	0.821
0.924	0.001	0.074	0.001
0.001	0.001	0.869	0.129
0.092	0.001	0.906	0.001
0.099	0.001	0.899	0.001
0.001	0.997	0.001	0.001
0.888	0.001	0.001	0.110
0.826	0.095	0.078	0.001
0.997	0.001	0.001	0.001
0.120	0.001	0.878	0.001
>WGGTCTGTTT	7-WGGTCTGTTT	8.083883	-24.578842	0	T:23.0(11.06%),B:928.5(1.91%),P:1e-10	Tpos:94.0,Tstd:55.8,Bpos:99.1,Bstd:58.9,StrandBias:0.1,Multiplicity:1.00
0.397	0.001	0.107	0.495
0.041	0.034	0.744	0.181
0.017	0.152	0.747	0.084
0.001	0.111	0.167	0.721
0.045	0.622	0.263	0.070
0.001	0.037	0.001	0.961
0.001	0.335	0.595	0.069
0.134	0.034	0.001	0.831
0.172	0.283	0.036	0.509
0.179	0.089	0.059	0.673
>TTTCCTCATG	8-TTTCCTCATG	9.852367	-24.095481	0	T:17.0(8.17%),B:469.5(0.96%),P:1e-10	Tpos:113.9,Tstd:58.0,Bpos:97.3,Bstd:56.2,StrandBias:1.3,Multiplicity:1.00
0.097	0.076	0.091	0.736
0.001	0.001	0.062	0.936
0.001	0.001	0.001	0.997
0.001	0.931	0.001	0.067
0.086	0.709	0.138	0.067
0.066	0.001	0.001	0.932
0.001	0.939	0.059	0.001
0.949	0.049	0.001	0.001
0.001	0.001	0.001	0.997
0.001	0.063	0.935	0.001
>ATATGCCAGC	9-ATATGCCAGC	6.746822	-22.129168	0	T:47.0(22.60%),B:4041.8(8.31%),P:1e-9	Tpos:99.2,Tstd:53.7,Bpos:98.9,Bstd:60.5,StrandBias:0.6,Multiplicity:1.24
0.791	0.083	0.018	0.108
0.127	0.101	0.136	0.636
0.635	0.100	0.131	0.134
0.080	0.001	0.083	0.836
0.001	0.015	0.921	0.063
0.049	0.746	0.078	0.127
0.102	0.789	0.025	0.084
0.959	0.001	0.001	0.039
0.054	0.001	0.875	0.070
0.066	0.823	0.087	0.024
>ACTGGGTCAC	10-ACTGGGTCAC	10.514291	-19.798742	0	T:13.0(6.25%),B:327.8(0.67%),P:1e-8	Tpos:119.1,Tstd:46.4,Bpos:99.8,Bstd:62.6,StrandBias:0.7,Multiplicity:1.00
0.734	0.071	0.093	0.102
0.001	0.997	0.001	0.001
0.001	0.001	0.001	0.997
0.001	0.001	0.856	0.142
0.001	0.001	0.898	0.100
0.110	0.001	0.888	0.001
0.001	0.082	0.109	0.808
0.001	0.997	0.001	0.001
0.908	0.090	0.001	0.001
0.001	0.997	0.001	0.001
>GTATTGATTG	11-GTATTGATTG	7.411050	-17.971670	0	T:26.0(12.50%),B:1662.3(3.42%),P:1e-7	Tpos:108.5,Tstd:53.9,Bpos:98.1,Bstd:63.5,StrandBias:-1.0,Multiplicity:1.00
0.001	0.001	0.819	0.179
0.095	0.046	0.001	0.858
0.678	0.001	0.120	0.201
0.121	0.119	0.052	0.708
0.065	0.001	0.063	0.871
0.060	0.056	0.791	0.093
0.778	0.001	0.119	0.102
0.058	0.233	0.001	0.708
0.065	0.001	0.052	0.882
0.001	0.001	0.903	0.095
>CATTGATCAG	12-CATTGATCAG	8.961114	-17.606986	0	T:12.0(5.77%),B:324.7(0.67%),P:1e-7	Tpos:88.5,Tstd:53.2,Bpos:95.7,Bstd:64.7,StrandBias:0.7,Multiplicity:1.00
0.142	0.856	0.001	0.001
0.870	0.001	0.001	0.128
0.001	0.108	0.001	0.890
0.001	0.001	0.001	0.997
0.001	0.001	0.902	0.096
0.782	0.103	0.001	0.114
0.001	0.001	0.001	0.997
0.001	0.974	0.001	0.024
0.870	0.001	0.001	0.128
0.001	0.001	0.872	0.126
>VCCACACCCT	13-VCCACACCCT	8.654140	-16.787929	0	T:26.0(12.50%),B:1765.8(3.63%),P:1e-7	Tpos:111.4,Tstd:53.0,Bpos:99.9,Bstd:62.0,StrandBias:-0.3,Multiplicity:1.12
0.322	0.202	0.319	0.156
0.053	0.945	0.001	0.001
0.001	0.997	0.001	0.001
0.795	0.127	0.001	0.077
0.004	0.994	0.001	0.001
0.734	0.001	0.001	0.264
0.082	0.777	0.001	0.140
0.001	0.997	0.001	0.001
0.001	0.872	0.126	0.001
0.264	0.021	0.001	0.714
>TTCCTGGAAG	14-TTCCTGGAAG	9.537560	-14.666921	0	T:14.0(6.73%),B:601.2(1.24%),P:1e-6	Tpos:123.3,Tstd:55.5,Bpos:105.3,Bstd:58.8,StrandBias:-0.3,Multiplicity:1.00
0.148	0.117	0.001	0.734
0.199	0.301	0.001	0.499
0.001	0.818	0.001	0.180
0.001	0.997	0.001	0.001
0.390	0.001	0.001	0.608
0.001	0.001	0.997	0.001
0.080	0.001	0.841	0.078
0.905	0.001	0.064	0.030
0.997	0.001	0.001	0.001
0.120	0.107	0.604	0.169
>CGCCCCAGCG	15-CGCCCCAGCG	11.619156	-14.518290	0	T:4.0(1.92%),B:14.2(0.03%),P:1e-6	Tpos:50.0,Tstd:50.2,Bpos:101.3,Bstd:34.3,StrandBias:1.6,Multiplicity:1.00
0.170	0.765	0.064	0.001
0.030	0.160	0.809	0.001
0.001	0.793	0.205	0.001
0.075	0.752	0.119	0.054
0.137	0.812	0.050	0.001
0.001	0.997	0.001	0.001
0.767	0.048	0.184	0.001
0.064	0.191	0.634	0.111
0.066	0.869	0.064	0.001
0.085	0.001	0.840	0.074
>CTGATCAAACAA	1-CTGATCAAACAA	7.871381	-35.827372	0	T:35.0(16.83%),B:1478.7(3.04%),P:1e-15	Tpos:98.8,Tstd:54.3,Bpos:97.8,Bstd:60.9,StrandBias:0.3,Multiplicity:1.23
0.210	0.766	0.023	0.001
0.134	0.031	0.001	0.834
0.093	0.155	0.667	0.085
0.940	0.001	0.058	0.001
0.049	0.027	0.297	0.627
0.109	0.622	0.089	0.180
0.937	0.061	0.001	0.001
0.818	0.058	0.123	0.001
0.556	0.085	0.062	0.297
0.058	0.582	0.093	0.267
0.792	0.119	0.001	0.088
0.696	0.217	0.062	0.025
>TGAGTCAGMCYT	2-TGAGTCAGMCYT	10.248159	-33.977013	0	T:17.0(8.17%),B:250.4(0.51%),P:1e-14	Tpos:87.7,Tstd:50.1,Bpos:105.2,Bstd:58.5,StrandBias:1.0,Multiplicity:1.06
0.001	0.001	0.001	0.997
0.001	0.001	0.659	0.339
0.865	0.001	0.133	0.001
0.125	0.268	0.606	0.001
0.001	0.001	0.001	0.997
0.001	0.997	0.001	0.001
0.997	0.001	0.001	0.001
0.001	0.001	0.798	0.200
0.403	0.337	0.134	0.125
0.262	0.463	0.141	0.134
0.001	0.537	0.001	0.461
0.057	0.001	0.001	0.941
>AATRTTTACTYA	3-AATRTTTACTYA	8.001186	-31.294934	0	T:29.0(13.94%),B:1148.8(2.36%),P:1e-13	Tpos:81.4,Tstd:55.2,Bpos:101.1,Bstd:60.1,StrandBias:0.4,Multiplicity:1.22
0.632	0.001	0.366	0.001
0.876	0.122	0.001	0.001
0.129	0.122	0.122	0.627
0.503	0.001	0.495	0.001
0.243	0.001	0.001	0.755
0.001	0.001	0.251	0.747
0.122	0.001	0.245	0.632
0.749	0.122	0.122	0.007
0.128	0.870	0.001	0.001
0.001	0.252	0.129	0.618
0.001	0.496	0.122	0.381
0.733	0.014	0.001	0.252
>TGAACTTTGCCC	4-TGAACTTTGCCC	11.300624	-30.745820	0	T:10.0(4.81%),B:51.8(0.11%),P:1e-13	Tpos:101.4,Tstd:41.4,Bpos:93.4,Bstd:59.9,StrandBias:2.0,Multiplicity:1.00
0.001	0.001	0.314	0.684
0.001	0.164	0.834	0.001
0.809	0.001	0.189	0.001
0.834	0.001	0.001	0.164
0.001	0.997	0.001	0.001
0.001	0.001	0.001	0.997
0.001	0.001	0.308	0.690
0.001	0.001	0.164	0.834
0.335	0.001	0.663	0.001
0.001	0.997	0.001	0.001
0.001	0.828	0.001	0.170
0.001	0.834	0.001	0.164
>RTAGGGCAAAGG	5-RTAGGGCAAAGG	10.751666	-28.625832	0	T:13.0(6.25%),B:158.6(0.33%),P:1e-12	Tpos:113.2,Tstd:43.7,Bpos:102.7,Bstd:58.2,StrandBias:-1.7,Multiplicity:1.00
0.405	0.108	0.486	0.001
0.088	0.113	0.001	0.798
0.997	0.001	0.001	0.001
0.001	0.001	0.864	0.134
0.269	0.001	0.729	0.001
0.135	0.243	0.621	0.001
0.001	0.915	0.083	0.001
0.859	0.001	0.001	0.139
0.751	0.113	0.135	0.001
0.997	0.001	0.001	0.001
0.001	0.001	0.997	0.001
0.001	0.001	0.997	0.001
>TTAGCAAATATA	6-TTAGCAAATATA	14.323862	-27.732268	0	T:6.0(2.88%),B:8.0(0.02%),P:1e-12	Tpos:72.2,Tstd:43.8,Bpos:108.4,Bstd:48.1,StrandBias:2.3,Multiplicity:1.00
0.001	0.001	0.001	0.997
0.001	0.001	0.001	0.997
0.997	0.001	0.001	0.001
0.199	0.001	0.799	0.001
0.199	0.799	0.001	0.001
0.997	0.001	0.001	0.001
0.997	0.001	0.001	0.001
0.997	0.001	0.001	0.001
0.001	0.199	0.001	0.799
0.997	0.001	0.001	0.001
0.001	0.001	0.001	0.997
0.799	0.199	0.001	0.001
>TCAGACACACCT	7-TCAGACACACCT	14.045608	-27.462832	0	T:7.0(3.37%),B:16.6(0.03%),P:1e-11	Tpos:118.6,Tstd:43.8,Bpos:111.5,Bstd:59.4,StrandBias:1.3,Multiplicity:1.00
0.001	0.175	0.001	0.823
0.001	0.997	0.001	0.001
0.997	0.001	0.001	0.001
0.001	0.001	0.997	0.001
0.669	0.176	0.154	0.001
0.001	0.997	0.001	0.001
0.997	0.001	0.001	0.001
0.001	0.997	0.001	0.001
0.997	0.001	0.001	0.001
0.001	0.997	0.001	0.001
0.001	0.997	0.001	0.001
0.176	0.140	0.001	0.683
>ATGAGTAAGCAG	8-ATGAGTAAGCAG	10.253407	-26.590317	0	T:12.0(5.77%),B:145.5(0.30%),P:1e-11	Tpos:85.6,Tstd:38.8,Bpos:105.2,Bstd:60.0,StrandBias:0.7,Multiplicity:1.08
0.933	0.065	0.001	0.001
0.001	0.001	0.074	0.924
0.001	0.001	0.997	0.001
0.905	0.001	0.001	0.093
0.001	0.003	0.995	0.001
0.074	0.001	0.256	0.669
0.813	0.093	0.001	0.093
0.719	0.093	0.187	0.001
0.093	0.192	0.714	0.001
0.001	0.719	0.093	0.187
0.905	0.093	0.001	0.001
0.187	0.093	0.719	0.001
>RCCSAGAATGGT	9-RCCSAGAATGGT	11.786825	-22.667211	0	T:8.0(3.85%),B:54.2(0.11%),P:1e-9	Tpos:98.4,Tstd:47.9,Bpos:92.0,Bstd:63.1,StrandBias:-0.7,Multiplicity:1.00
0.477	0.001	0.521	0.001
0.001	0.997	0.001	0.001
0.238	0.760	0.001	0.001
0.001	0.521	0.477	0.001
0.997	0.001	0.001	0.001
0.001	0.238	0.760	0.001
0.746	0.014	0.239	0.001
0.760	0.238	0.001	0.001
0.001	0.001	0.001	0.997
0.001	0.001	0.997	0.001
0.001	0.001	0.997	0.001
0.001	0.001	0.001	0.997
>TYCCAGGCCTTG	10-TYCCAGGCCTTG	10.621474	-20.311635	0	T:12.0(5.77%),B:253.4(0.52%),P:1e-8	Tpos:111.0,Tstd:48.4,Bpos:97.8,Bstd:58.0,StrandBias:0.0,Multiplicity:1.08
0.001	0.001	0.215	0.783
0.001	0.330	0.190	0.479
0.001	0.740	0.258	0.001
0.327	0.543	0.129	0.001
0.709	0.001	0.103	0.187
0.215	0.001	0.783	0.001
0.001	0.129	0.869	0.001
0.001	0.997	0.001	0.001
0.001	0.997	0.001	0.001
0.001	0.001	0.001	0.997
0.001	0.001	0.102	0.896
0.001	0.001	0.997	0.001
>GAGTATTGATTG	11-GAGTATTGATTG	7.628607	-19.148843	0	T:21.0(10.10%),B:1027.8(2.11%),P:1e-8	Tpos:104.3,Tstd:54.1,Bpos:97.2,Bstd:60.8,StrandBias:0.0,Multiplicity:1.10
0.098	0.136	0.535	0.231
0.801	0.001	0.068	0.130
0.001	0.033	0.866	0.100
0.067	0.130	0.067	0.736
0.662	0.101	0.069	0.168
0.063	0.034	0.067	0.836
0.063	0.034	0.034	0.869
0.101	0.067	0.702	0.130
0.801	0.034	0.101	0.064
0.067	0.101	0.069	0.763
0.063	0.067	0.101	0.769
0.035	0.136	0.661	0.168
>CTTACCACACCC	12-CTTACCACACCC	14.425419	-15.128196	0	T:4.0(1.92%),B:12.5(0.03%),P:1e-6	Tpos:115.8,Tstd:47.2,Bpos:132.9,Bstd:80.8,StrandBias:0.6,Multiplicity:1.25
0.001	0.997	0.001	0.001
0.001	0.001	0.001	0.997
0.001	0.203	0.001	0.795
0.709	0.001	0.289	0.001
0.215	0.783	0.001	0.001
0.001	0.997	0.001	0.001
0.997	0.001	0.001	0.001
0.001	0.997	0.001	0.001
0.997	0.001	0.001	0.001
0.001	0.997	0.001	0.001
0.001	0.997	0.001	0.001
0.001	0.997	0.001	0.001
>RTGACTCA	1-RTGACTCA	5.071117	-56.161106	0	T:87.0(41.83%),B:6277.6(12.90%),P:1e-24	Tpos:104.1,Tstd:52.5,Bpos:99.9,Bstd:62.1,StrandBias:0.1,Multiplicity:1.26
0.440	0.095	0.316	0.149
0.001	0.001	0.001	0.997
0.001	0.001	0.912	0.086
0.997	0.001	0.001	0.001
0.108	0.505	0.309	0.078
0.001	0.001	0.001	0.997
0.263	0.735	0.001	0.001
0.997	0.001	0.001	0.001
>AGCAAATA	2-AGCAAATA	7.585888	-39.851195	0	T:45.0(21.63%),B:2255.8(4.64%),P:1e-17	Tpos:105.9,Tstd:53.4,Bpos:100.0,Bstd:63.4,StrandBias:0.1,Multiplicity:1.09
0.779	0.001	0.163	0.057
0.037	0.001	0.859	0.103
0.014	0.908	0.059	0.019
0.990	0.008	0.001	0.001
0.997	0.001	0.001	0.001
0.988	0.010	0.001	0.001
0.001	0.299	0.001	0.699
0.992	0.001	0.001	0.006
>TAGGCGTG	3-TAGGCGTG	4.148108	-35.757099	0	T:43.0(20.67%),B:2297.5(4.72%),P:1e-15	Tpos:102.2,Tstd:56.4,Bpos:100.1,Bstd:64.1,StrandBias:-0.4,Multiplicity:1.10
0.001	0.001	0.004	0.994
0.598	0.010	0.391	0.001
0.001	0.001	0.997	0.001
0.001	0.001	0.997	0.001
0.001	0.588	0.001	0.410
0.001	0.001	0.997	0.001
0.001	0.001	0.001	0.997
0.001	0.001	0.997	0.001
>TATTGATT	4-TATTGATT	8.393781	-29.708966	0	T:24.0(11.54%),B:795.7(1.64%),P:1e-12	Tpos:96.9,Tstd:50.7,Bpos:100.5,Bstd:62.6,StrandBias:0.1,Multiplicity:1.05
0.052	0.094	0.001	0.853
0.926	0.001	0.072	0.001
0.001	0.001	0.001	0.997
0.001	0.001	0.001	0.997
0.001	0.001	0.997	0.001
0.997	0.001	0.001	0.001
0.001	0.001	0.115	0.883
0.001	0.110	0.001	0.888
>GGYAGGGC	5-GGYAGGGC	6.921154	-21.751554	0	T:75.0(36.06%),B:8694.9(17.87%),P:1e-9	Tpos:106.1,Tstd:51.8,Bpos:98.8,Bstd:63.6,StrandBias:-0.2,Multiplicity:1.29
0.001	0.001	0.997	0.001
0.001	0.001	0.997	0.001
0.119	0.419	0.114	0.347
0.512	0.078	0.103	0.307
0.001	0.001	0.997	0.001
0.001	0.001	0.946	0.052
0.205	0.001	0.793	0.001
0.001	0.582	0.001	0.416
>CGGGAAGT	6-CGGGAAGT	6.582939	-17.450534	0	T:51.0(24.52%),B:5328.7(10.95%),P:1e-7	Tpos:86.9,Tstd:54.6,Bpos:99.0,Bstd:59.6,StrandBias:0.1,Multiplicity:1.21
0.087	0.678	0.141	0.094
0.297	0.115	0.511	0.077
0.077	0.123	0.778	0.022
0.075	0.019	0.905	0.001
0.778	0.001	0.196	0.025
0.927	0.001	0.053	0.019
0.058	0.095	0.799	0.048
0.046	0.092	0.213	0.649
>GATAACCG	7-GATAACCG	5.132176	-17.042015	0	T:41.0(19.71%),B:3814.1(7.84%),P:1e-7	Tpos:95.9,Tstd:52.0,Bpos:99.8,Bstd:61.1,StrandBias:-0.1,Multiplicity:1.22
0.102	0.081	0.735	0.082
0.845	0.008	0.061	0.086
0.077	0.084	0.071	0.768
0.763	0.061	0.062	0.114
0.718	0.039	0.110	0.133
0.138	0.712	0.104	0.046
0.160	0.712	0.069	0.059
0.101	0.077	0.759	0.063
>CACGTGGC	8-CACGTGGC	7.564458	-16.736839	0	T:32.0(15.38%),B:2553.8(5.25%),P:1e-7	Tpos:101.8,Tstd:58.3,Bpos:100.4,Bstd:63.7,StrandBias:0.8,Multiplicity:1.09
0.001	0.997	0.001	0.001
0.997	0.001	0.001	0.001
0.244	0.655	0.100	0.001
0.091	0.001	0.907	0.001
0.001	0.001	0.001	0.997
0.001	0.117	0.881	0.001
0.001	0.031	0.930	0.038
0.087	0.623	0.061	0.229
>ATCGATCA	9-ATCGATCA	6.946341	-10.772023	0	T:11.0(5.29%),B:528.5(1.09%),P:1e-4	Tpos:103.9,Tstd:47.2,Bpos:101.8,Bstd:62.3,StrandBias:0.7,Multiplicity:1.09
0.832	0.001	0.001	0.166
0.001	0.001	0.001	0.997
0.001	0.869	0.011	0.119
0.001	0.083	0.915	0.001
0.799	0.001	0.199	0.001
0.001	0.001	0.001	0.997
0.158	0.609	0.001	0.232
0.508	0.012	0.281	0.199
>TTGTTTGA	10-TTGTTTGA	8.236954	-9.188671	0	T:8.0(3.85%),B:330.4(0.68%),P:1e-3	Tpos:101.8,Tstd:53.5,Bpos:98.3,Bstd:60.1,StrandBias:-0.3,Multiplicity:1.12
0.100	0.100	0.100	0.700
0.100	0.100	0.100	0.700
0.100	0.100	0.700	0.100
0.100	0.100	0.100	0.700
0.100	0.100	0.100	0.700
0.100	0.100	0.100	0.700
0.100	0.100	0.700	0.100
0.700	0.100	0.100	0.100
