>CTGATCAAACAA	1-CTGATCAAACAA	7.871381	-35.827372	0	T:35.0(16.83%),B:1478.7(3.04%),P:1e-15	Tpos:98.8,Tstd:54.3,Bpos:97.8,Bstd:60.9,StrandBias:0.3,Multiplicity:1.23
0.210	0.766	0.023	0.001
0.134	0.031	0.001	0.834
0.093	0.155	0.667	0.085
0.940	0.001	0.058	0.001
0.049	0.027	0.297	0.627
0.109	0.622	0.089	0.180
0.937	0.061	0.001	0.001
0.818	0.058	0.123	0.001
0.556	0.085	0.062	0.297
0.058	0.582	0.093	0.267
0.792	0.119	0.001	0.088
0.696	0.217	0.062	0.025
>TGAGTCAGMCYT	2-TGAGTCAGMCYT	10.248159	-33.977013	0	T:17.0(8.17%),B:250.4(0.51%),P:1e-14	Tpos:87.7,Tstd:50.1,Bpos:105.2,Bstd:58.5,StrandBias:1.0,Multiplicity:1.06
0.001	0.001	0.001	0.997
0.001	0.001	0.659	0.339
0.865	0.001	0.133	0.001
0.125	0.268	0.606	0.001
0.001	0.001	0.001	0.997
0.001	0.997	0.001	0.001
0.997	0.001	0.001	0.001
0.001	0.001	0.798	0.200
0.403	0.337	0.134	0.125
0.262	0.463	0.141	0.134
0.001	0.537	0.001	0.461
0.057	0.001	0.001	0.941
>AATRTTTACTYA	3-AATRTTTACTYA	8.001186	-31.294934	0	T:29.0(13.94%),B:1148.8(2.36%),P:1e-13	Tpos:81.4,Tstd:55.2,Bpos:101.1,Bstd:60.1,StrandBias:0.4,Multiplicity:1.22
0.632	0.001	0.366	0.001
0.876	0.122	0.001	0.001
0.129	0.122	0.122	0.627
0.503	0.001	0.495	0.001
0.243	0.001	0.001	0.755
0.001	0.001	0.251	0.747
0.122	0.001	0.245	0.632
0.749	0.122	0.122	0.007
0.128	0.870	0.001	0.001
0.001	0.252	0.129	0.618
0.001	0.496	0.122	0.381
0.733	0.014	0.001	0.252
>TGAACTTTGCCC	4-TGAACTTTGCCC	11.300624	-30.745820	0	T:10.0(4.81%),B:51.8(0.11%),P:1e-13	Tpos:101.4,Tstd:41.4,Bpos:93.4,Bstd:59.9,StrandBias:2.0,Multiplicity:1.00
0.001	0.001	0.314	0.684
0.001	0.164	0.834	0.001
0.809	0.001	0.189	0.001
0.834	0.001	0.001	0.164
0.001	0.997	0.001	0.001
0.001	0.001	0.001	0.997
0.001	0.001	0.308	0.690
0.001	0.001	0.164	0.834
0.335	0.001	0.663	0.001
0.001	0.997	0.001	0.001
0.001	0.828	0.001	0.170
0.001	0.834	0.001	0.164
>RTAGGGCAAAGG	5-RTAGGGCAAAGG	10.751666	-28.625832	0	T:13.0(6.25%),B:158.6(0.33%),P:1e-12	Tpos:113.2,Tstd:43.7,Bpos:102.7,Bstd:58.2,StrandBias:-1.7,Multiplicity:1.00
0.405	0.108	0.486	0.001
0.088	0.113	0.001	0.798
0.997	0.001	0.001	0.001
0.001	0.001	0.864	0.134
0.269	0.001	0.729	0.001
0.135	0.243	0.621	0.001
0.001	0.915	0.083	0.001
0.859	0.001	0.001	0.139
0.751	0.113	0.135	0.001
0.997	0.001	0.001	0.001
0.001	0.001	0.997	0.001
0.001	0.001	0.997	0.001
>TTAGCAAATATA	6-TTAGCAAATATA	14.323862	-27.732268	0	T:6.0(2.88%),B:8.0(0.02%),P:1e-12	Tpos:72.2,Tstd:43.8,Bpos:108.4,Bstd:48.1,StrandBias:2.3,Multiplicity:1.00
0.001	0.001	0.001	0.997
0.001	0.001	0.001	0.997
0.997	0.001	0.001	0.001
0.199	0.001	0.799	0.001
0.199	0.799	0.001	0.001
0.997	0.001	0.001	0.001
0.997	0.001	0.001	0.001
0.997	0.001	0.001	0.001
0.001	0.199	0.001	0.799
0.997	0.001	0.001	0.001
0.001	0.001	0.001	0.997
0.799	0.199	0.001	0.001
>TCAGACACACCT	7-TCAGACACACCT	14.045608	-27.462832	0	T:7.0(3.37%),B:16.6(0.03%),P:1e-11	Tpos:118.6,Tstd:43.8,Bpos:111.5,Bstd:59.4,StrandBias:1.3,Multiplicity:1.00
0.001	0.175	0.001	0.823
0.001	0.997	0.001	0.001
0.997	0.001	0.001	0.001
0.001	0.001	0.997	0.001
0.669	0.176	0.154	0.001
0.001	0.997	0.001	0.001
0.997	0.001	0.001	0.001
0.001	0.997	0.001	0.001
0.997	0.001	0.001	0.001
0.001	0.997	0.001	0.001
0.001	0.997	0.001	0.001
0.176	0.140	0.001	0.683
>ATGAGTAAGCAG	8-ATGAGTAAGCAG	10.253407	-26.590317	0	T:12.0(5.77%),B:145.5(0.30%),P:1e-11	Tpos:85.6,Tstd:38.8,Bpos:105.2,Bstd:60.0,StrandBias:0.7,Multiplicity:1.08
0.933	0.065	0.001	0.001
0.001	0.001	0.074	0.924
0.001	0.001	0.997	0.001
0.905	0.001	0.001	0.093
0.001	0.003	0.995	0.001
0.074	0.001	0.256	0.669
0.813	0.093	0.001	0.093
0.719	0.093	0.187	0.001
0.093	0.192	0.714	0.001
0.001	0.719	0.093	0.187
0.905	0.093	0.001	0.001
0.187	0.093	0.719	0.001
>RCCSAGAATGGT	9-RCCSAGAATGGT	11.786825	-22.667211	0	T:8.0(3.85%),B:54.2(0.11%),P:1e-9	Tpos:98.4,Tstd:47.9,Bpos:92.0,Bstd:63.1,StrandBias:-0.7,Multiplicity:1.00
0.477	0.001	0.521	0.001
0.001	0.997	0.001	0.001
0.238	0.760	0.001	0.001
0.001	0.521	0.477	0.001
0.997	0.001	0.001	0.001
0.001	0.238	0.760	0.001
0.746	0.014	0.239	0.001
0.760	0.238	0.001	0.001
0.001	0.001	0.001	0.997
0.001	0.001	0.997	0.001
0.001	0.001	0.997	0.001
0.001	0.001	0.001	0.997
>TYCCAGGCCTTG	10-TYCCAGGCCTTG	10.621474	-20.311635	0	T:12.0(5.77%),B:253.4(0.52%),P:1e-8	Tpos:111.0,Tstd:48.4,Bpos:97.8,Bstd:58.0,StrandBias:0.0,Multiplicity:1.08
0.001	0.001	0.215	0.783
0.001	0.330	0.190	0.479
0.001	0.740	0.258	0.001
0.327	0.543	0.129	0.001
0.709	0.001	0.103	0.187
0.215	0.001	0.783	0.001
0.001	0.129	0.869	0.001
0.001	0.997	0.001	0.001
0.001	0.997	0.001	0.001
0.001	0.001	0.001	0.997
0.001	0.001	0.102	0.896
0.001	0.001	0.997	0.001
>GAGTATTGATTG	11-GAGTATTGATTG	7.628607	-19.148843	0	T:21.0(10.10%),B:1027.8(2.11%),P:1e-8	Tpos:104.3,Tstd:54.1,Bpos:97.2,Bstd:60.8,StrandBias:0.0,Multiplicity:1.10
0.098	0.136	0.535	0.231
0.801	0.001	0.068	0.130
0.001	0.033	0.866	0.100
0.067	0.130	0.067	0.736
0.662	0.101	0.069	0.168
0.063	0.034	0.067	0.836
0.063	0.034	0.034	0.869
0.101	0.067	0.702	0.130
0.801	0.034	0.101	0.064
0.067	0.101	0.069	0.763
0.063	0.067	0.101	0.769
0.035	0.136	0.661	0.168
>CTTACCACACCC	12-CTTACCACACCC	14.425419	-15.128196	0	T:4.0(1.92%),B:12.5(0.03%),P:1e-6	Tpos:115.8,Tstd:47.2,Bpos:132.9,Bstd:80.8,StrandBias:0.6,Multiplicity:1.25
0.001	0.997	0.001	0.001
0.001	0.001	0.001	0.997
0.001	0.203	0.001	0.795
0.709	0.001	0.289	0.001
0.215	0.783	0.001	0.001
0.001	0.997	0.001	0.001
0.997	0.001	0.001	0.001
0.001	0.997	0.001	0.001
0.997	0.001	0.001	0.001
0.001	0.997	0.001	0.001
0.001	0.997	0.001	0.001
0.001	0.997	0.001	0.001
