>GGAGACAAGG	1-GGAGACAAGG	8.363865	-17.843281	0	T:15.0(26.32%),B:2161.0(4.42%),P:1e-7	Tpos:99.4,Tstd:63.4,Bpos:96.8,Bstd:61.1,StrandBias:0.7,Multiplicity:1.07
0.045	0.076	0.878	0.001
0.134	0.057	0.808	0.001
0.878	0.061	0.060	0.001
0.057	0.108	0.834	0.001
0.597	0.273	0.129	0.001
0.051	0.844	0.104	0.001
0.816	0.147	0.036	0.001
0.862	0.001	0.088	0.049
0.228	0.072	0.699	0.001
0.072	0.124	0.803	0.001
>CGCGCCACCT	2-CGCGCCACCT	10.587884	-14.683807	0	T:8.0(14.04%),B:588.0(1.20%),P:1e-6	Tpos:78.1,Tstd:42.4,Bpos:100.2,Bstd:63.8,StrandBias:-0.6,Multiplicity:1.25
0.001	0.997	0.001	0.001
0.001	0.102	0.896	0.001
0.001	0.997	0.001	0.001
0.001	0.103	0.895	0.001
0.001	0.997	0.001	0.001
0.001	0.792	0.001	0.206
0.908	0.001	0.001	0.090
0.001	0.869	0.129	0.001
0.001	0.846	0.001	0.152
0.001	0.001	0.090	0.908
>CGAGCTCTGG	3-CGAGCTCTGG	10.973080	-13.245712	0	T:7.0(12.28%),B:492.8(1.01%),P:1e-5	Tpos:153.4,Tstd:37.2,Bpos:99.6,Bstd:56.7,StrandBias:1.6,Multiplicity:1.00
0.136	0.862	0.001	0.001
0.001	0.001	0.997	0.001
0.754	0.135	0.110	0.001
0.001	0.001	0.997	0.001
0.001	0.821	0.177	0.001
0.001	0.001	0.001	0.997
0.001	0.997	0.001	0.001
0.001	0.119	0.153	0.727
0.001	0.001	0.997	0.001
0.001	0.001	0.997	0.001
>AGGTGAGGCC	4-AGGTGAGGCC	8.756535	-9.471788	0	T:8.0(14.04%),B:1207.2(2.47%),P:1e-4	Tpos:116.3,Tstd:45.2,Bpos:98.8,Bstd:63.5,StrandBias:0.3,Multiplicity:1.12
0.749	0.113	0.137	0.001
0.061	0.114	0.713	0.112
0.051	0.049	0.899	0.001
0.148	0.060	0.131	0.661
0.048	0.033	0.838	0.081
0.710	0.039	0.191	0.060
0.171	0.001	0.827	0.001
0.075	0.051	0.873	0.001
0.001	0.911	0.087	0.001
0.119	0.835	0.001	0.045
>GAGCSGCTCY	5-GAGCSGCTCY	7.329972	-9.429088	0	T:14.0(24.56%),B:3759.2(7.68%),P:1e-4	Tpos:69.4,Tstd:64.0,Bpos:100.1,Bstd:60.6,StrandBias:0.2,Multiplicity:1.21
0.079	0.001	0.919	0.001
0.854	0.020	0.066	0.060
0.001	0.001	0.997	0.001
0.159	0.839	0.001	0.001
0.050	0.430	0.405	0.115
0.001	0.068	0.793	0.138
0.014	0.984	0.001	0.001
0.062	0.049	0.119	0.770
0.001	0.906	0.001	0.092
0.001	0.507	0.034	0.458
