>ATGATTAA	1-ATGATTAA	7.821483	-11.965816	0	T:8.0(14.04%),B:849.8(1.74%),P:1e-5	Tpos:110.7,Tstd:51.2,Bpos:102.0,Bstd:61.1,StrandBias:-1.0,Multiplicity:1.12
0.901	0.001	0.001	0.097
0.090	0.001	0.001	0.908
0.096	0.001	0.902	0.001
0.896	0.001	0.102	0.001
0.081	0.104	0.100	0.715
0.001	0.001	0.088	0.910
0.895	0.001	0.001	0.103
0.997	0.001	0.001	0.001
>ACCACGTG	2-ACCACGTG	7.319920	-11.928756	0	T:10.0(17.54%),B:1458.5(2.98%),P:1e-5	Tpos:99.4,Tstd:47.0,Bpos:97.1,Bstd:62.5,StrandBias:-0.7,Multiplicity:1.10
0.644	0.084	0.041	0.231
0.066	0.885	0.048	0.001
0.085	0.913	0.001	0.001
0.997	0.001	0.001	0.001
0.001	0.904	0.035	0.060
0.063	0.001	0.935	0.001
0.001	0.055	0.001	0.943
0.001	0.074	0.827	0.098
>GTGGMCCK	3-GTGGMCCK	7.476362	-11.292725	0	T:23.0(40.35%),B:7956.2(16.26%),P:1e-4	Tpos:78.5,Tstd:55.4,Bpos:100.6,Bstd:62.4,StrandBias:-1.1,Multiplicity:1.35
0.001	0.001	0.997	0.001
0.337	0.001	0.001	0.661
0.001	0.001	0.997	0.001
0.001	0.001	0.997	0.001
0.357	0.483	0.159	0.001
0.001	0.621	0.377	0.001
0.001	0.997	0.001	0.001
0.001	0.201	0.433	0.365
>YGTGATTW	4-YGTGATTW	6.569900	-8.055009	0	T:9.0(15.79%),B:1888.6(3.86%),P:1e-3	Tpos:104.8,Tstd:43.4,Bpos:99.0,Bstd:62.4,StrandBias:0.8,Multiplicity:1.38
0.001	0.424	0.001	0.574
0.001	0.001	0.997	0.001
0.001	0.001	0.001	0.997
0.001	0.055	0.678	0.266
0.928	0.001	0.001	0.070
0.001	0.001	0.001	0.997
0.001	0.265	0.001	0.733
0.550	0.001	0.001	0.448
>TCATAACA	5-TCATAACA	6.291044	-6.637771	0	T:10.0(17.54%),B:2786.9(5.69%),P:1e-2	Tpos:114.1,Tstd:56.3,Bpos:100.4,Bstd:60.3,StrandBias:-0.3,Multiplicity:1.10
0.100	0.100	0.100	0.700
0.100	0.700	0.100	0.100
0.700	0.100	0.100	0.100
0.100	0.100	0.100	0.700
0.700	0.100	0.100	0.100
0.700	0.100	0.100	0.100
0.100	0.700	0.100	0.100
0.700	0.100	0.100	0.100
