>GGAGACAAGG	1-GGAGACAAGG	8.363865	-17.843281	0	T:15.0(26.32%),B:2161.0(4.42%),P:1e-7	Tpos:99.4,Tstd:63.4,Bpos:96.8,Bstd:61.1,StrandBias:0.7,Multiplicity:1.07
0.045	0.076	0.878	0.001
0.134	0.057	0.808	0.001
0.878	0.061	0.060	0.001
0.057	0.108	0.834	0.001
0.597	0.273	0.129	0.001
0.051	0.844	0.104	0.001
0.816	0.147	0.036	0.001
0.862	0.001	0.088	0.049
0.228	0.072	0.699	0.001
0.072	0.124	0.803	0.001
>CGCGCCACCT	2-CGCGCCACCT	10.587884	-14.683807	0	T:8.0(14.04%),B:588.0(1.20%),P:1e-6	Tpos:78.1,Tstd:42.4,Bpos:100.2,Bstd:63.8,StrandBias:-0.6,Multiplicity:1.25
0.001	0.997	0.001	0.001
0.001	0.102	0.896	0.001
0.001	0.997	0.001	0.001
0.001	0.103	0.895	0.001
0.001	0.997	0.001	0.001
0.001	0.792	0.001	0.206
0.908	0.001	0.001	0.090
0.001	0.869	0.129	0.001
0.001	0.846	0.001	0.152
0.001	0.001	0.090	0.908
>CGAGCTCTGG	3-CGAGCTCTGG	10.973080	-13.245712	0	T:7.0(12.28%),B:492.8(1.01%),P:1e-5	Tpos:153.4,Tstd:37.2,Bpos:99.6,Bstd:56.7,StrandBias:1.6,Multiplicity:1.00
0.136	0.862	0.001	0.001
0.001	0.001	0.997	0.001
0.754	0.135	0.110	0.001
0.001	0.001	0.997	0.001
0.001	0.821	0.177	0.001
0.001	0.001	0.001	0.997
0.001	0.997	0.001	0.001
0.001	0.119	0.153	0.727
0.001	0.001	0.997	0.001
0.001	0.001	0.997	0.001
>AGGTGAGGCC	4-AGGTGAGGCC	8.756535	-9.471788	0	T:8.0(14.04%),B:1207.2(2.47%),P:1e-4	Tpos:116.3,Tstd:45.2,Bpos:98.8,Bstd:63.5,StrandBias:0.3,Multiplicity:1.12
0.749	0.113	0.137	0.001
0.061	0.114	0.713	0.112
0.051	0.049	0.899	0.001
0.148	0.060	0.131	0.661
0.048	0.033	0.838	0.081
0.710	0.039	0.191	0.060
0.171	0.001	0.827	0.001
0.075	0.051	0.873	0.001
0.001	0.911	0.087	0.001
0.119	0.835	0.001	0.045
>GAGCSGCTCY	5-GAGCSGCTCY	7.329972	-9.429088	0	T:14.0(24.56%),B:3759.2(7.68%),P:1e-4	Tpos:69.4,Tstd:64.0,Bpos:100.1,Bstd:60.6,StrandBias:0.2,Multiplicity:1.21
0.079	0.001	0.919	0.001
0.854	0.020	0.066	0.060
0.001	0.001	0.997	0.001
0.159	0.839	0.001	0.001
0.050	0.430	0.405	0.115
0.001	0.068	0.793	0.138
0.014	0.984	0.001	0.001
0.062	0.049	0.119	0.770
0.001	0.906	0.001	0.092
0.001	0.507	0.034	0.458
>CAGGGCAGAGGG	1-CAGGGCAGAGGG	14.263979	-19.750250	0	T:5.0(8.77%),B:45.2(0.09%),P:1e-8	Tpos:87.6,Tstd:41.5,Bpos:115.2,Bstd:62.0,StrandBias:2.0,Multiplicity:1.00
0.001	0.997	0.001	0.001
0.997	0.001	0.001	0.001
0.001	0.001	0.997	0.001
0.001	0.001	0.997	0.001
0.001	0.001	0.997	0.001
0.001	0.997	0.001	0.001
0.796	0.202	0.001	0.001
0.001	0.191	0.807	0.001
0.997	0.001	0.001	0.001
0.001	0.001	0.796	0.202
0.001	0.001	0.997	0.001
0.001	0.001	0.790	0.208
>YAGAGCCGCTCC	2-YAGAGCCGCTCC	9.153068	-12.091740	0	T:10.0(17.54%),B:1431.0(2.92%),P:1e-5	Tpos:64.4,Tstd:57.5,Bpos:99.8,Bstd:59.4,StrandBias:0.0,Multiplicity:1.30
0.066	0.421	0.236	0.278
0.621	0.048	0.330	0.001
0.001	0.001	0.997	0.001
0.760	0.180	0.059	0.001
0.001	0.001	0.997	0.001
0.062	0.780	0.066	0.092
0.207	0.430	0.237	0.125
0.092	0.001	0.824	0.083
0.001	0.997	0.001	0.001
0.068	0.191	0.051	0.690
0.092	0.815	0.001	0.092
0.092	0.815	0.001	0.092
>AGAACAACCACG	3-AGAACAACCACG	12.355432	-6.755769	0	T:1.0(1.75%),B:1.7(0.00%),P:1e-2	Tpos:6.0,Tstd:0.0,Bpos:8.0,Bstd:0.0,StrandBias:10.0,Multiplicity:1.00
0.700	0.100	0.100	0.100
0.100	0.100	0.700	0.100
0.700	0.100	0.100	0.100
0.700	0.100	0.100	0.100
0.100	0.700	0.100	0.100
0.700	0.100	0.100	0.100
0.700	0.100	0.100	0.100
0.100	0.700	0.100	0.100
0.100	0.700	0.100	0.100
0.700	0.100	0.100	0.100
0.100	0.700	0.100	0.100
0.100	0.100	0.700	0.100
>CAACTCCTCCGA	4-CAACTCCTCCGA	12.355432	-6.063194	0	T:1.0(1.75%),B:2.7(0.01%),P:1e-2	Tpos:20.0,Tstd:0.0,Bpos:94.7,Bstd:58.7,StrandBias:10.0,Multiplicity:1.00
0.100	0.700	0.100	0.100
0.700	0.100	0.100	0.100
0.700	0.100	0.100	0.100
0.100	0.700	0.100	0.100
0.100	0.100	0.100	0.700
0.100	0.700	0.100	0.100
0.100	0.700	0.100	0.100
0.100	0.100	0.100	0.700
0.100	0.700	0.100	0.100
0.100	0.700	0.100	0.100
0.100	0.100	0.700	0.100
0.700	0.100	0.100	0.100
>GCAACCACTTCA	5-GCAACCACTTCA	12.355432	-6.063194	0	T:1.0(1.75%),B:2.1(0.00%),P:1e-2	Tpos:33.0,Tstd:0.0,Bpos:90.5,Bstd:57.7,StrandBias:10.0,Multiplicity:1.00
0.100	0.100	0.700	0.100
0.100	0.700	0.100	0.100
0.700	0.100	0.100	0.100
0.700	0.100	0.100	0.100
0.100	0.700	0.100	0.100
0.100	0.700	0.100	0.100
0.700	0.100	0.100	0.100
0.100	0.700	0.100	0.100
0.100	0.100	0.100	0.700
0.100	0.100	0.100	0.700
0.100	0.700	0.100	0.100
0.700	0.100	0.100	0.100
>ATGATTAA	1-ATGATTAA	7.821483	-11.965816	0	T:8.0(14.04%),B:849.8(1.74%),P:1e-5	Tpos:110.7,Tstd:51.2,Bpos:102.0,Bstd:61.1,StrandBias:-1.0,Multiplicity:1.12
0.901	0.001	0.001	0.097
0.090	0.001	0.001	0.908
0.096	0.001	0.902	0.001
0.896	0.001	0.102	0.001
0.081	0.104	0.100	0.715
0.001	0.001	0.088	0.910
0.895	0.001	0.001	0.103
0.997	0.001	0.001	0.001
>ACCACGTG	2-ACCACGTG	7.319920	-11.928756	0	T:10.0(17.54%),B:1458.5(2.98%),P:1e-5	Tpos:99.4,Tstd:47.0,Bpos:97.1,Bstd:62.5,StrandBias:-0.7,Multiplicity:1.10
0.644	0.084	0.041	0.231
0.066	0.885	0.048	0.001
0.085	0.913	0.001	0.001
0.997	0.001	0.001	0.001
0.001	0.904	0.035	0.060
0.063	0.001	0.935	0.001
0.001	0.055	0.001	0.943
0.001	0.074	0.827	0.098
>GTGGMCCK	3-GTGGMCCK	7.476362	-11.292725	0	T:23.0(40.35%),B:7956.2(16.26%),P:1e-4	Tpos:78.5,Tstd:55.4,Bpos:100.6,Bstd:62.4,StrandBias:-1.1,Multiplicity:1.35
0.001	0.001	0.997	0.001
0.337	0.001	0.001	0.661
0.001	0.001	0.997	0.001
0.001	0.001	0.997	0.001
0.357	0.483	0.159	0.001
0.001	0.621	0.377	0.001
0.001	0.997	0.001	0.001
0.001	0.201	0.433	0.365
>YGTGATTW	4-YGTGATTW	6.569900	-8.055009	0	T:9.0(15.79%),B:1888.6(3.86%),P:1e-3	Tpos:104.8,Tstd:43.4,Bpos:99.0,Bstd:62.4,StrandBias:0.8,Multiplicity:1.38
0.001	0.424	0.001	0.574
0.001	0.001	0.997	0.001
0.001	0.001	0.001	0.997
0.001	0.055	0.678	0.266
0.928	0.001	0.001	0.070
0.001	0.001	0.001	0.997
0.001	0.265	0.001	0.733
0.550	0.001	0.001	0.448
>TCATAACA	5-TCATAACA	6.291044	-6.637771	0	T:10.0(17.54%),B:2786.9(5.69%),P:1e-2	Tpos:114.1,Tstd:56.3,Bpos:100.4,Bstd:60.3,StrandBias:-0.3,Multiplicity:1.10
0.100	0.100	0.100	0.700
0.100	0.700	0.100	0.100
0.700	0.100	0.100	0.100
0.100	0.100	0.100	0.700
0.700	0.100	0.100	0.100
0.700	0.100	0.100	0.100
0.100	0.700	0.100	0.100
0.700	0.100	0.100	0.100
