>TGTGGGCA	1-TGTGGGCA	7.533561	-13.281590	0	T:16.0(33.33%),B:2224.3(8.74%),P:1e-5	Tpos:99.3,Tstd:65.2,Bpos:100.1,Bstd:63.6,StrandBias:0.3,Multiplicity:1.25
0.052	0.001	0.001	0.946
0.001	0.095	0.903	0.001
0.001	0.001	0.001	0.997
0.001	0.164	0.834	0.001
0.001	0.001	0.997	0.001
0.001	0.001	0.852	0.146
0.001	0.932	0.001	0.066
0.923	0.001	0.075	0.001
>AATGTGCT	2-AATGTGCT	6.837977	-10.255105	0	T:18.0(37.50%),B:3497.0(13.74%),P:1e-4	Tpos:92.1,Tstd:57.0,Bpos:100.2,Bstd:57.8,StrandBias:-0.1,Multiplicity:1.50
0.575	0.410	0.014	0.001
0.896	0.083	0.020	0.001
0.001	0.001	0.001	0.997
0.001	0.025	0.932	0.042
0.001	0.001	0.001	0.997
0.100	0.055	0.639	0.206
0.063	0.718	0.100	0.119
0.001	0.046	0.198	0.755
>CTCACTGT	3-CTCACTGT	7.770977	-9.485995	0	T:12.0(25.00%),B:1752.1(6.89%),P:1e-4	Tpos:110.5,Tstd:50.0,Bpos:99.1,Bstd:61.5,StrandBias:-1.5,Multiplicity:1.25
0.001	0.997	0.001	0.001
0.001	0.001	0.001	0.997
0.001	0.899	0.001	0.099
0.895	0.103	0.001	0.001
0.001	0.997	0.001	0.001
0.048	0.001	0.001	0.950
0.001	0.001	0.997	0.001
0.050	0.001	0.001	0.948
>GACGAACG	4-GACGAACG	8.236954	-5.581655	0	T:1.0(2.08%),B:2.3(0.01%),P:1e-2	Tpos:32.0,Tstd:0.0,Bpos:34.8,Bstd:21.6,StrandBias:10.0,Multiplicity:1.00
0.100	0.100	0.700	0.100
0.700	0.100	0.100	0.100
0.100	0.700	0.100	0.100
0.100	0.100	0.700	0.100
0.700	0.100	0.100	0.100
0.700	0.100	0.100	0.100
0.100	0.700	0.100	0.100
0.100	0.100	0.700	0.100
>ATTCGCGT	5-ATTCGCGT	8.236954	-5.581655	0	T:1.0(2.08%),B:2.7(0.01%),P:1e-2	Tpos:88.0,Tstd:0.0,Bpos:91.3,Bstd:30.1,StrandBias:10.0,Multiplicity:1.00
0.700	0.100	0.100	0.100
0.100	0.100	0.100	0.700
0.100	0.100	0.100	0.700
0.100	0.700	0.100	0.100
0.100	0.100	0.700	0.100
0.100	0.700	0.100	0.100
0.100	0.100	0.700	0.100
0.100	0.100	0.100	0.700
