>GCCATCTCGC	1-GCCATCTCGC	12.696468	-28.399411	0	T:4.0(8.33%),B:1.7(0.01%),P:1e-12	Tpos:118.8,Tstd:26.5,Bpos:111.6,Bstd:35.4,StrandBias:0.0,Multiplicity:1.00
0.001	0.001	0.997	0.001
0.001	0.997	0.001	0.001
0.001	0.997	0.001	0.001
0.678	0.001	0.320	0.001
0.001	0.001	0.001	0.997
0.001	0.997	0.001	0.001
0.001	0.001	0.001	0.997
0.001	0.997	0.001	0.001
0.001	0.001	0.997	0.001
0.001	0.997	0.001	0.001
>GACAGTGAGC	2-GACAGTGAGC	8.933541	-13.636421	0	T:8.0(16.67%),B:422.7(1.66%),P:1e-5	Tpos:102.7,Tstd:65.5,Bpos:99.8,Bstd:62.3,StrandBias:1.2,Multiplicity:1.25
0.001	0.193	0.805	0.001
0.915	0.001	0.001	0.083
0.001	0.914	0.084	0.001
0.880	0.118	0.001	0.001
0.187	0.172	0.640	0.001
0.119	0.184	0.001	0.696
0.113	0.184	0.702	0.001
0.889	0.001	0.001	0.109
0.001	0.109	0.889	0.001
0.001	0.705	0.089	0.205
>ACGCACATGG	3-ACGCACATGG	10.946431	-12.680134	0	T:5.0(10.42%),B:119.0(0.47%),P:1e-5	Tpos:100.7,Tstd:46.8,Bpos:101.8,Bstd:51.7,StrandBias:1.3,Multiplicity:1.40
0.613	0.001	0.130	0.256
0.333	0.665	0.001	0.001
0.418	0.001	0.580	0.001
0.001	0.723	0.001	0.275
0.997	0.001	0.001	0.001
0.001	0.997	0.001	0.001
0.997	0.001	0.001	0.001
0.001	0.001	0.001	0.997
0.001	0.001	0.997	0.001
0.001	0.001	0.845	0.153
>TGGGAAACTG	4-TGGGAAACTG	8.350283	-11.117660	0	T:9.0(18.75%),B:789.2(3.10%),P:1e-4	Tpos:69.0,Tstd:49.3,Bpos:102.5,Bstd:66.9,StrandBias:0.6,Multiplicity:1.11
0.100	0.100	0.100	0.700
0.100	0.100	0.700	0.100
0.100	0.100	0.700	0.100
0.100	0.100	0.700	0.100
0.700	0.100	0.100	0.100
0.700	0.100	0.100	0.100
0.700	0.100	0.100	0.100
0.100	0.700	0.100	0.100
0.100	0.100	0.100	0.700
0.100	0.100	0.700	0.100
>ATGCCCACAG	5-ATGCCCACAG	11.673122	-7.782635	0	T:3.0(6.25%),B:76.4(0.30%),P:1e-3	Tpos:122.3,Tstd:66.6,Bpos:97.8,Bstd:62.9,StrandBias:-2.3,Multiplicity:2.00
0.997	0.001	0.001	0.001
0.001	0.263	0.001	0.735
0.001	0.001	0.997	0.001
0.001	0.997	0.001	0.001
0.156	0.842	0.001	0.001
0.001	0.997	0.001	0.001
0.997	0.001	0.001	0.001
0.001	0.997	0.001	0.001
0.997	0.001	0.001	0.001
0.001	0.001	0.997	0.001
>GGTGCTCTAG	6-GGTGCTCTAG	12.595523	-5.177113	0	T:1.0(2.08%),B:3.3(0.01%),P:1e-2	Tpos:107.0,Tstd:51.4,Bpos:80.3,Bstd:65.7,StrandBias:10.0,Multiplicity:3.00
0.001	0.001	0.997	0.001
0.001	0.001	0.997	0.001
0.001	0.286	0.001	0.712
0.001	0.001	0.712	0.286
0.001	0.752	0.246	0.001
0.246	0.001	0.001	0.752
0.001	0.997	0.001	0.001
0.001	0.001	0.001	0.997
0.997	0.001	0.001	0.001
0.001	0.001	0.997	0.001
