>GCCATCTCGC	1-GCCATCTCGC	12.696468	-28.399411	0	T:4.0(8.33%),B:1.7(0.01%),P:1e-12	Tpos:118.8,Tstd:26.5,Bpos:111.6,Bstd:35.4,StrandBias:0.0,Multiplicity:1.00
0.001	0.001	0.997	0.001
0.001	0.997	0.001	0.001
0.001	0.997	0.001	0.001
0.678	0.001	0.320	0.001
0.001	0.001	0.001	0.997
0.001	0.997	0.001	0.001
0.001	0.001	0.001	0.997
0.001	0.997	0.001	0.001
0.001	0.001	0.997	0.001
0.001	0.997	0.001	0.001
>GACAGTGAGC	2-GACAGTGAGC	8.933541	-13.636421	0	T:8.0(16.67%),B:422.7(1.66%),P:1e-5	Tpos:102.7,Tstd:65.5,Bpos:99.8,Bstd:62.3,StrandBias:1.2,Multiplicity:1.25
0.001	0.193	0.805	0.001
0.915	0.001	0.001	0.083
0.001	0.914	0.084	0.001
0.880	0.118	0.001	0.001
0.187	0.172	0.640	0.001
0.119	0.184	0.001	0.696
0.113	0.184	0.702	0.001
0.889	0.001	0.001	0.109
0.001	0.109	0.889	0.001
0.001	0.705	0.089	0.205
>ACGCACATGG	3-ACGCACATGG	10.946431	-12.680134	0	T:5.0(10.42%),B:119.0(0.47%),P:1e-5	Tpos:100.7,Tstd:46.8,Bpos:101.8,Bstd:51.7,StrandBias:1.3,Multiplicity:1.40
0.613	0.001	0.130	0.256
0.333	0.665	0.001	0.001
0.418	0.001	0.580	0.001
0.001	0.723	0.001	0.275
0.997	0.001	0.001	0.001
0.001	0.997	0.001	0.001
0.997	0.001	0.001	0.001
0.001	0.001	0.001	0.997
0.001	0.001	0.997	0.001
0.001	0.001	0.845	0.153
>TGGGAAACTG	4-TGGGAAACTG	8.350283	-11.117660	0	T:9.0(18.75%),B:789.2(3.10%),P:1e-4	Tpos:69.0,Tstd:49.3,Bpos:102.5,Bstd:66.9,StrandBias:0.6,Multiplicity:1.11
0.100	0.100	0.100	0.700
0.100	0.100	0.700	0.100
0.100	0.100	0.700	0.100
0.100	0.100	0.700	0.100
0.700	0.100	0.100	0.100
0.700	0.100	0.100	0.100
0.700	0.100	0.100	0.100
0.100	0.700	0.100	0.100
0.100	0.100	0.100	0.700
0.100	0.100	0.700	0.100
>ATGCCCACAG	5-ATGCCCACAG	11.673122	-7.782635	0	T:3.0(6.25%),B:76.4(0.30%),P:1e-3	Tpos:122.3,Tstd:66.6,Bpos:97.8,Bstd:62.9,StrandBias:-2.3,Multiplicity:2.00
0.997	0.001	0.001	0.001
0.001	0.263	0.001	0.735
0.001	0.001	0.997	0.001
0.001	0.997	0.001	0.001
0.156	0.842	0.001	0.001
0.001	0.997	0.001	0.001
0.997	0.001	0.001	0.001
0.001	0.997	0.001	0.001
0.997	0.001	0.001	0.001
0.001	0.001	0.997	0.001
>GGTGCTCTAG	6-GGTGCTCTAG	12.595523	-5.177113	0	T:1.0(2.08%),B:3.3(0.01%),P:1e-2	Tpos:107.0,Tstd:51.4,Bpos:80.3,Bstd:65.7,StrandBias:10.0,Multiplicity:3.00
0.001	0.001	0.997	0.001
0.001	0.001	0.997	0.001
0.001	0.286	0.001	0.712
0.001	0.001	0.712	0.286
0.001	0.752	0.246	0.001
0.246	0.001	0.001	0.752
0.001	0.997	0.001	0.001
0.001	0.001	0.001	0.997
0.997	0.001	0.001	0.001
0.001	0.001	0.997	0.001
>AGCCATCTCGCT	1-AGCCATCTCGCT	12.168354	-20.675566	0	T:3.0(6.25%),B:0.6(0.00%),P:1e-8	Tpos:118.0,Tstd:30.5,Bpos:60.0,Bstd:0.0,StrandBias:1.0,Multiplicity:1.00
0.907	0.001	0.091	0.001
0.001	0.001	0.997	0.001
0.001	0.997	0.001	0.001
0.001	0.997	0.001	0.001
0.953	0.001	0.045	0.001
0.001	0.001	0.001	0.997
0.001	0.997	0.001	0.001
0.001	0.001	0.001	0.997
0.001	0.997	0.001	0.001
0.001	0.001	0.997	0.001
0.001	0.997	0.001	0.001
0.001	0.136	0.001	0.862
>ATGCCCACAGCC	2-ATGCCCACAGCC	11.378022	-18.798772	0	T:7.0(14.58%),B:134.5(0.53%),P:1e-8	Tpos:116.2,Tstd:67.7,Bpos:94.0,Bstd:55.5,StrandBias:-0.6,Multiplicity:1.43
0.646	0.153	0.001	0.200
0.001	0.214	0.001	0.784
0.001	0.001	0.997	0.001
0.162	0.622	0.215	0.001
0.190	0.808	0.001	0.001
0.001	0.784	0.001	0.214
0.997	0.001	0.001	0.001
0.001	0.997	0.001	0.001
0.997	0.001	0.001	0.001
0.001	0.001	0.997	0.001
0.191	0.593	0.215	0.001
0.001	0.808	0.001	0.190
>AGCCTCVACCCC	3-AGCCTCVACCCC	8.750663	-13.396862	0	T:10.0(20.83%),B:773.6(3.04%),P:1e-5	Tpos:64.1,Tstd:61.0,Bpos:98.8,Bstd:68.5,StrandBias:-1.4,Multiplicity:1.10
0.814	0.001	0.001	0.184
0.185	0.024	0.790	0.001
0.001	0.846	0.152	0.001
0.001	0.997	0.001	0.001
0.143	0.001	0.001	0.855
0.001	0.844	0.154	0.001
0.329	0.328	0.342	0.001
0.506	0.185	0.144	0.165
0.185	0.524	0.290	0.001
0.001	0.834	0.001	0.164
0.184	0.814	0.001	0.001
0.137	0.861	0.001	0.001
>GCCATGGCAGGC	4-GCCATGGCAGGC	11.180121	-13.338803	0	T:5.0(10.42%),B:103.7(0.41%),P:1e-5	Tpos:81.8,Tstd:58.1,Bpos:92.3,Bstd:58.3,StrandBias:1.6,Multiplicity:1.40
0.001	0.267	0.731	0.001
0.001	0.997	0.001	0.001
0.001	0.997	0.001	0.001
0.710	0.142	0.142	0.006
0.142	0.142	0.268	0.448
0.001	0.141	0.857	0.001
0.005	0.001	0.993	0.001
0.001	0.997	0.001	0.001
0.574	0.283	0.001	0.142
0.001	0.141	0.857	0.001
0.001	0.146	0.852	0.001
0.001	0.997	0.001	0.001
>GAGAGAGCCGAG	5-GAGAGAGCCGAG	12.615285	-11.066503	0	T:2.0(4.17%),B:3.9(0.02%),P:1e-4	Tpos:132.2,Tstd:53.6,Bpos:126.9,Bstd:43.8,StrandBias:10.0,Multiplicity:2.00
0.001	0.001	0.862	0.136
0.997	0.001	0.001	0.001
0.001	0.001	0.997	0.001
0.997	0.001	0.001	0.001
0.001	0.001	0.997	0.001
0.997	0.001	0.001	0.001
0.001	0.001	0.997	0.001
0.001	0.997	0.001	0.001
0.001	0.997	0.001	0.001
0.136	0.001	0.862	0.001
0.997	0.001	0.001	0.001
0.001	0.001	0.997	0.001
>GACAGTGAGCTC	6-GACAGTGAGCTC	14.661284	-10.047261	0	T:2.0(4.17%),B:5.5(0.02%),P:1e-4	Tpos:115.2,Tstd:63.7,Bpos:97.0,Bstd:53.8,StrandBias:10.0,Multiplicity:2.00
0.001	0.001	0.997	0.001
0.997	0.001	0.001	0.001
0.001	0.997	0.001	0.001
0.997	0.001	0.001	0.001
0.001	0.001	0.997	0.001
0.001	0.403	0.001	0.595
0.001	0.403	0.595	0.001
0.997	0.001	0.001	0.001
0.001	0.001	0.997	0.001
0.001	0.997	0.001	0.001
0.001	0.001	0.001	0.997
0.001	0.595	0.403	0.001
>GCACCAGACAGC	7-GCACCAGACAGC	12.355432	-5.581655	0	T:1.0(2.08%),B:2.1(0.01%),P:1e-2	Tpos:100.0,Tstd:51.4,Bpos:100.9,Bstd:45.1,StrandBias:-10.0,Multiplicity:3.00
0.100	0.100	0.700	0.100
0.100	0.700	0.100	0.100
0.700	0.100	0.100	0.100
0.100	0.700	0.100	0.100
0.100	0.700	0.100	0.100
0.700	0.100	0.100	0.100
0.100	0.100	0.700	0.100
0.700	0.100	0.100	0.100
0.100	0.700	0.100	0.100
0.700	0.100	0.100	0.100
0.100	0.100	0.700	0.100
0.100	0.700	0.100	0.100
>TGTGGGCA	1-TGTGGGCA	7.533561	-13.281590	0	T:16.0(33.33%),B:2224.3(8.74%),P:1e-5	Tpos:99.3,Tstd:65.2,Bpos:100.1,Bstd:63.6,StrandBias:0.3,Multiplicity:1.25
0.052	0.001	0.001	0.946
0.001	0.095	0.903	0.001
0.001	0.001	0.001	0.997
0.001	0.164	0.834	0.001
0.001	0.001	0.997	0.001
0.001	0.001	0.852	0.146
0.001	0.932	0.001	0.066
0.923	0.001	0.075	0.001
>AATGTGCT	2-AATGTGCT	6.837977	-10.255105	0	T:18.0(37.50%),B:3497.0(13.74%),P:1e-4	Tpos:92.1,Tstd:57.0,Bpos:100.2,Bstd:57.8,StrandBias:-0.1,Multiplicity:1.50
0.575	0.410	0.014	0.001
0.896	0.083	0.020	0.001
0.001	0.001	0.001	0.997
0.001	0.025	0.932	0.042
0.001	0.001	0.001	0.997
0.100	0.055	0.639	0.206
0.063	0.718	0.100	0.119
0.001	0.046	0.198	0.755
>CTCACTGT	3-CTCACTGT	7.770977	-9.485995	0	T:12.0(25.00%),B:1752.1(6.89%),P:1e-4	Tpos:110.5,Tstd:50.0,Bpos:99.1,Bstd:61.5,StrandBias:-1.5,Multiplicity:1.25
0.001	0.997	0.001	0.001
0.001	0.001	0.001	0.997
0.001	0.899	0.001	0.099
0.895	0.103	0.001	0.001
0.001	0.997	0.001	0.001
0.048	0.001	0.001	0.950
0.001	0.001	0.997	0.001
0.050	0.001	0.001	0.948
>GACGAACG	4-GACGAACG	8.236954	-5.581655	0	T:1.0(2.08%),B:2.3(0.01%),P:1e-2	Tpos:32.0,Tstd:0.0,Bpos:34.8,Bstd:21.6,StrandBias:10.0,Multiplicity:1.00
0.100	0.100	0.700	0.100
0.700	0.100	0.100	0.100
0.100	0.700	0.100	0.100
0.100	0.100	0.700	0.100
0.700	0.100	0.100	0.100
0.700	0.100	0.100	0.100
0.100	0.700	0.100	0.100
0.100	0.100	0.700	0.100
>ATTCGCGT	5-ATTCGCGT	8.236954	-5.581655	0	T:1.0(2.08%),B:2.7(0.01%),P:1e-2	Tpos:88.0,Tstd:0.0,Bpos:91.3,Bstd:30.1,StrandBias:10.0,Multiplicity:1.00
0.700	0.100	0.100	0.100
0.100	0.100	0.100	0.700
0.100	0.100	0.100	0.700
0.100	0.700	0.100	0.100
0.100	0.100	0.700	0.100
0.100	0.700	0.100	0.100
0.100	0.100	0.700	0.100
0.100	0.100	0.100	0.700
