>ATGASTCATT	1-ATGASTCATT	7.798551	-77.942301	0	T:48.0(16.84%),B:744.5(1.52%),P:1e-33	Tpos:104.8,Tstd:49.9,Bpos:101.4,Bstd:57.6,StrandBias:0.5,Multiplicity:1.04
0.507	0.087	0.325	0.081
0.041	0.043	0.041	0.875
0.001	0.038	0.757	0.204
0.916	0.001	0.064	0.019
0.067	0.377	0.465	0.090
0.021	0.098	0.017	0.864
0.166	0.710	0.061	0.063
0.911	0.055	0.001	0.033
0.103	0.288	0.111	0.498
0.236	0.108	0.152	0.504
>AATGTTTACT	2-AATGTTTACT	6.878328	-58.286906	0	T:102.0(35.79%),B:5727.4(11.73%),P:1e-25	Tpos:95.8,Tstd:55.2,Bpos:99.7,Bstd:60.7,StrandBias:0.1,Multiplicity:1.37
0.523	0.106	0.001	0.370
0.388	0.231	0.225	0.156
0.156	0.034	0.001	0.809
0.301	0.001	0.696	0.002
0.071	0.001	0.001	0.927
0.001	0.001	0.079	0.919
0.115	0.052	0.001	0.832
0.595	0.001	0.344	0.060
0.102	0.661	0.001	0.236
0.186	0.210	0.001	0.603
>CCTTATCTHT	3-CCTTATCTHT	5.755501	-42.464547	0	T:45.0(15.79%),B:1500.0(3.07%),P:1e-18	Tpos:104.0,Tstd:46.2,Bpos:100.3,Bstd:55.9,StrandBias:-0.1,Multiplicity:1.14
0.001	0.482	0.223	0.294
0.001	0.607	0.001	0.391
0.001	0.001	0.001	0.997
0.001	0.001	0.001	0.997
0.997	0.001	0.001	0.001
0.001	0.001	0.001	0.997
0.001	0.997	0.001	0.001
0.001	0.001	0.001	0.997
0.366	0.314	0.003	0.317
0.025	0.240	0.162	0.573
>GTGGACTTTG	4-GTGGACTTTG	7.813542	-36.147026	0	T:42.0(14.74%),B:1547.4(3.17%),P:1e-15	Tpos:99.0,Tstd:47.2,Bpos:99.9,Bstd:59.0,StrandBias:-1.1,Multiplicity:1.08
0.199	0.134	0.626	0.041
0.001	0.158	0.040	0.801
0.002	0.001	0.736	0.261
0.076	0.069	0.638	0.217
0.904	0.067	0.028	0.001
0.055	0.695	0.041	0.209
0.001	0.001	0.001	0.997
0.001	0.001	0.031	0.967
0.148	0.001	0.001	0.850
0.095	0.001	0.818	0.086
>ACCTTTGCCC	5-ACCTTTGCCC	10.047705	-29.778668	0	T:20.0(7.02%),B:365.4(0.75%),P:1e-12	Tpos:118.0,Tstd:49.6,Bpos:89.1,Bstd:60.6,StrandBias:0.4,Multiplicity:1.05
0.946	0.001	0.052	0.001
0.082	0.859	0.058	0.001
0.001	0.937	0.001	0.061
0.001	0.001	0.001	0.997
0.001	0.086	0.001	0.912
0.092	0.001	0.066	0.841
0.001	0.001	0.997	0.001
0.061	0.810	0.069	0.060
0.143	0.855	0.001	0.001
0.001	0.997	0.001	0.001
>RGVCACACCC	6-RGVCACACCC	7.883472	-28.473265	0	T:55.0(19.30%),B:3174.1(6.50%),P:1e-12	Tpos:115.2,Tstd:54.9,Bpos:97.9,Bstd:60.5,StrandBias:0.3,Multiplicity:1.09
0.422	0.001	0.553	0.024
0.272	0.005	0.722	0.001
0.255	0.352	0.288	0.106
0.001	0.997	0.001	0.001
0.632	0.263	0.001	0.104
0.171	0.827	0.001	0.001
0.762	0.001	0.001	0.236
0.001	0.984	0.014	0.001
0.080	0.918	0.001	0.001
0.248	0.510	0.001	0.241
>CAAATCAATA	7-CAAATCAATA	10.957906	-27.197370	0	T:12.0(4.21%),B:100.7(0.21%),P:1e-11	Tpos:114.4,Tstd:41.4,Bpos:106.2,Bstd:60.2,StrandBias:1.4,Multiplicity:1.00
0.001	0.814	0.091	0.094
0.997	0.001	0.001	0.001
0.768	0.109	0.122	0.001
0.997	0.001	0.001	0.001
0.001	0.001	0.001	0.997
0.001	0.997	0.001	0.001
0.997	0.001	0.001	0.001
0.800	0.105	0.094	0.001
0.001	0.001	0.001	0.997
0.997	0.001	0.001	0.001
>CCAGCTAGAG	8-CCAGCTAGAG	10.254120	-25.010795	0	T:13.0(4.56%),B:154.9(0.32%),P:1e-10	Tpos:86.1,Tstd:55.8,Bpos:101.9,Bstd:53.3,StrandBias:0.2,Multiplicity:1.00
0.001	0.922	0.001	0.076
0.001	0.911	0.001	0.087
0.997	0.001	0.001	0.001
0.202	0.001	0.796	0.001
0.001	0.927	0.001	0.071
0.001	0.032	0.001	0.966
0.803	0.110	0.037	0.050
0.001	0.001	0.997	0.001
0.883	0.115	0.001	0.001
0.071	0.001	0.838	0.090
>TCTGTTTGAT	9-TCTGTTTGAT	8.051223	-24.574573	0	T:38.0(13.33%),B:1838.3(3.77%),P:1e-10	Tpos:87.6,Tstd:58.1,Bpos:102.0,Bstd:59.7,StrandBias:0.6,Multiplicity:1.00
0.001	0.270	0.001	0.728
0.186	0.707	0.001	0.106
0.001	0.001	0.001	0.997
0.095	0.121	0.783	0.001
0.116	0.113	0.127	0.644
0.001	0.001	0.001	0.997
0.001	0.001	0.001	0.997
0.124	0.081	0.713	0.082
0.621	0.001	0.223	0.155
0.259	0.124	0.001	0.616
>GCCACTTCCT	10-GCCACTTCCT	10.110795	-23.401446	0	T:21.0(7.37%),B:584.6(1.20%),P:1e-10	Tpos:97.7,Tstd:57.3,Bpos:95.4,Bstd:56.6,StrandBias:0.6,Multiplicity:1.10
0.001	0.066	0.657	0.276
0.001	0.751	0.247	0.001
0.289	0.709	0.001	0.001
0.857	0.001	0.001	0.141
0.001	0.997	0.001	0.001
0.001	0.001	0.001	0.997
0.001	0.207	0.001	0.791
0.001	0.997	0.001	0.001
0.001	0.997	0.001	0.001
0.001	0.001	0.001	0.997
>CCACGTGGCA	11-CCACGTGGCA	7.029599	-19.312684	0	T:40.0(14.04%),B:2424.7(4.97%),P:1e-8	Tpos:94.8,Tstd:47.2,Bpos:98.1,Bstd:61.8,StrandBias:-0.1,Multiplicity:1.10
0.098	0.766	0.088	0.048
0.001	0.934	0.026	0.039
0.865	0.038	0.001	0.096
0.046	0.726	0.108	0.120
0.052	0.058	0.852	0.038
0.075	0.029	0.085	0.811
0.058	0.023	0.885	0.034
0.104	0.128	0.702	0.066
0.138	0.750	0.074	0.038
0.719	0.109	0.042	0.130
>CGACTTCCCT	12-CGACTTCCCT	10.549184	-18.957976	0	T:11.0(3.86%),B:165.1(0.34%),P:1e-8	Tpos:115.7,Tstd:64.5,Bpos:100.7,Bstd:61.5,StrandBias:-0.8,Multiplicity:1.00
0.001	0.836	0.083	0.080
0.077	0.137	0.785	0.001
0.997	0.001	0.001	0.001
0.001	0.997	0.001	0.001
0.001	0.001	0.230	0.768
0.001	0.001	0.001	0.997
0.001	0.997	0.001	0.001
0.001	0.997	0.001	0.001
0.001	0.768	0.230	0.001
0.001	0.001	0.001	0.997
>CTTCCAGGAA	13-CTTCCAGGAA	9.654681	-17.264960	0	T:20.0(7.02%),B:755.7(1.55%),P:1e-7	Tpos:96.8,Tstd:49.2,Bpos:99.4,Bstd:57.2,StrandBias:1.5,Multiplicity:1.00
0.053	0.854	0.052	0.041
0.049	0.038	0.001	0.912
0.074	0.001	0.046	0.879
0.059	0.939	0.001	0.001
0.001	0.922	0.001	0.076
0.820	0.001	0.001	0.178
0.001	0.001	0.938	0.060
0.045	0.001	0.875	0.079
0.957	0.001	0.041	0.001
0.935	0.001	0.001	0.063
>TTCCTACATG	14-TTCCTACATG	9.666299	-17.255108	0	T:14.0(4.91%),B:352.7(0.72%),P:1e-7	Tpos:91.3,Tstd:49.3,Bpos:104.2,Bstd:53.5,StrandBias:1.5,Multiplicity:1.07
0.001	0.001	0.197	0.801
0.001	0.001	0.001	0.997
0.001	0.850	0.148	0.001
0.001	0.772	0.001	0.226
0.137	0.001	0.001	0.861
0.714	0.019	0.001	0.266
0.109	0.889	0.001	0.001
0.972	0.001	0.001	0.026
0.001	0.001	0.118	0.880
0.001	0.001	0.612	0.386
>TCCGTTTCCG	15-TCCGTTTCCG	10.953757	-17.197958	0	T:8.0(2.81%),B:80.0(0.16%),P:1e-7	Tpos:107.1,Tstd:51.2,Bpos:90.2,Bstd:57.9,StrandBias:1.6,Multiplicity:1.00
0.001	0.001	0.001	0.997
0.001	0.997	0.001	0.001
0.180	0.818	0.001	0.001
0.001	0.155	0.683	0.161
0.001	0.001	0.001	0.997
0.001	0.001	0.001	0.997
0.001	0.001	0.001	0.997
0.001	0.997	0.001	0.001
0.001	0.864	0.001	0.134
0.001	0.001	0.883	0.115
>TTCTTGGTCA	16-TTCTTGGTCA	11.344370	-16.475662	0	T:8.0(2.81%),B:88.5(0.18%),P:1e-7	Tpos:91.8,Tstd:73.1,Bpos:99.5,Bstd:55.4,StrandBias:0.7,Multiplicity:1.00
0.001	0.001	0.116	0.882
0.001	0.001	0.001	0.997
0.165	0.833	0.001	0.001
0.001	0.001	0.001	0.997
0.001	0.001	0.001	0.997
0.001	0.001	0.997	0.001
0.001	0.001	0.997	0.001
0.001	0.001	0.001	0.997
0.112	0.886	0.001	0.001
0.997	0.001	0.001	0.001
>AGGTGACCTG	17-AGGTGACCTG	9.330430	-15.305966	0	T:15.0(5.26%),B:480.9(0.99%),P:1e-6	Tpos:96.2,Tstd:45.5,Bpos:97.5,Bstd:60.4,StrandBias:-0.2,Multiplicity:1.00
0.997	0.001	0.001	0.001
0.001	0.001	0.932	0.066
0.001	0.001	0.997	0.001
0.049	0.001	0.001	0.949
0.001	0.223	0.775	0.001
0.878	0.001	0.058	0.063
0.079	0.832	0.001	0.088
0.001	0.878	0.120	0.001
0.049	0.001	0.001	0.949
0.001	0.079	0.852	0.068
>CCGGGCTGGG	18-CCGGGCTGGG	8.125265	-14.211979	0	T:40.0(14.04%),B:2943.0(6.03%),P:1e-6	Tpos:121.5,Tstd:51.3,Bpos:99.5,Bstd:59.7,StrandBias:-0.6,Multiplicity:1.08
0.044	0.639	0.180	0.137
0.330	0.528	0.028	0.114
0.147	0.001	0.604	0.248
0.056	0.001	0.765	0.178
0.001	0.031	0.967	0.001
0.039	0.889	0.028	0.044
0.138	0.001	0.001	0.860
0.001	0.001	0.997	0.001
0.060	0.001	0.913	0.026
0.001	0.132	0.866	0.001
>CCCTGAGTAA	19-CCCTGAGTAA	10.296193	-13.281216	0	T:4.0(1.40%),B:14.7(0.03%),P:1e-5	Tpos:91.5,Tstd:74.2,Bpos:90.0,Bstd:72.2,StrandBias:0.0,Multiplicity:1.00
0.100	0.700	0.100	0.100
0.100	0.700	0.100	0.100
0.100	0.700	0.100	0.100
0.100	0.100	0.100	0.700
0.100	0.100	0.700	0.100
0.700	0.100	0.100	0.100
0.100	0.100	0.700	0.100
0.100	0.100	0.100	0.700
0.700	0.100	0.100	0.100
0.700	0.100	0.100	0.100
>RAAAAAAAAA	20-RAAAAAAAAA	9.449699	-8.784006	0	T:25.0(8.77%),B:1896.6(3.88%),P:1e-3	Tpos:89.6,Tstd:62.3,Bpos:99.1,Bstd:61.1,StrandBias:0.6,Multiplicity:1.04
0.428	0.001	0.522	0.049
0.878	0.032	0.055	0.035
0.961	0.001	0.037	0.001
0.937	0.038	0.024	0.001
0.985	0.001	0.013	0.001
0.964	0.001	0.034	0.001
0.986	0.001	0.012	0.001
0.963	0.035	0.001	0.001
0.997	0.001	0.001	0.001
0.926	0.037	0.023	0.014
