>TGACTCAT	1-TGACTCAT	7.029105	-70.198412	0	T:65.0(22.81%),B:1875.7(3.84%),P:1e-30	Tpos:101.4,Tstd:50.1,Bpos:100.8,Bstd:57.9,StrandBias:-0.1,Multiplicity:1.03
0.001	0.001	0.001	0.997
0.001	0.010	0.917	0.072
0.991	0.001	0.001	0.007
0.018	0.742	0.225	0.015
0.024	0.001	0.014	0.961
0.036	0.952	0.001	0.011
0.985	0.001	0.013	0.001
0.018	0.157	0.073	0.752
>BCTTATCT	2-BCTTATCT	7.138743	-52.780916	0	T:67.0(23.51%),B:2742.7(5.62%),P:1e-22	Tpos:100.3,Tstd:50.4,Bpos:100.6,Bstd:57.9,StrandBias:0.0,Multiplicity:1.21
0.054	0.365	0.234	0.347
0.040	0.475	0.294	0.191
0.050	0.042	0.001	0.907
0.001	0.012	0.041	0.946
0.928	0.001	0.049	0.022
0.060	0.033	0.072	0.835
0.017	0.981	0.001	0.001
0.170	0.022	0.050	0.758
>AATGTTTA	3-AATGTTTA	5.877816	-50.535379	0	T:135.0(47.37%),B:10368.4(21.24%),P:1e-21	Tpos:102.1,Tstd:57.6,Bpos:99.6,Bstd:62.1,StrandBias:-0.2,Multiplicity:1.38
0.608	0.009	0.001	0.382
0.525	0.207	0.183	0.085
0.026	0.109	0.001	0.864
0.147	0.046	0.806	0.001
0.099	0.001	0.001	0.899
0.001	0.001	0.017	0.981
0.002	0.022	0.001	0.975
0.573	0.001	0.382	0.044
>GTATTTAC	4-GTATTTAC	6.860415	-43.058340	0	T:63.0(22.11%),B:2929.6(6.00%),P:1e-18	Tpos:96.1,Tstd:47.9,Bpos:99.3,Bstd:59.1,StrandBias:0.8,Multiplicity:1.05
0.034	0.139	0.594	0.233
0.001	0.001	0.001	0.997
0.837	0.001	0.161	0.001
0.045	0.001	0.001	0.953
0.001	0.001	0.001	0.997
0.001	0.001	0.097	0.901
0.851	0.001	0.147	0.001
0.001	0.997	0.001	0.001
>RATCGATA	5-RATCGATA	7.659496	-37.609488	0	T:25.0(8.77%),B:443.0(0.91%),P:1e-16	Tpos:118.9,Tstd:45.9,Bpos:99.0,Bstd:55.4,StrandBias:0.8,Multiplicity:1.00
0.488	0.001	0.510	0.001
0.784	0.081	0.134	0.001
0.001	0.001	0.001	0.997
0.001	0.885	0.001	0.113
0.377	0.001	0.621	0.001
0.814	0.001	0.001	0.184
0.001	0.095	0.001	0.903
0.651	0.034	0.210	0.105
>RCCRCACC	6-RCCRCACC	6.009038	-32.557425	0	T:50.0(17.54%),B:2405.5(4.93%),P:1e-14	Tpos:109.1,Tstd:58.3,Bpos:97.6,Bstd:61.6,StrandBias:0.2,Multiplicity:1.06
0.431	0.001	0.567	0.001
0.001	0.974	0.024	0.001
0.001	0.997	0.001	0.001
0.530	0.001	0.468	0.001
0.001	0.997	0.001	0.001
0.966	0.001	0.001	0.032
0.001	0.997	0.001	0.001
0.001	0.997	0.001	0.001
>GCCACGTG	7-GCCACGTG	4.543082	-32.115190	0	T:91.0(31.93%),B:6849.4(14.03%),P:1e-13	Tpos:91.6,Tstd:52.0,Bpos:99.0,Bstd:61.2,StrandBias:0.2,Multiplicity:1.09
0.102	0.020	0.713	0.165
0.035	0.858	0.061	0.046
0.001	0.997	0.001	0.001
0.997	0.001	0.001	0.001
0.001	0.832	0.001	0.166
0.061	0.001	0.937	0.001
0.047	0.001	0.001	0.951
0.029	0.001	0.969	0.001
>CTTTGCCC	8-CTTTGCCC	6.811118	-23.829760	0	T:59.0(20.70%),B:4021.0(8.24%),P:1e-10	Tpos:104.4,Tstd:55.3,Bpos:99.5,Bstd:59.6,StrandBias:-0.1,Multiplicity:1.09
0.001	0.997	0.001	0.001
0.001	0.001	0.324	0.674
0.001	0.061	0.001	0.937
0.001	0.001	0.001	0.997
0.001	0.001	0.997	0.001
0.006	0.929	0.001	0.064
0.043	0.573	0.383	0.001
0.043	0.903	0.001	0.053
>CAATCAGG	9-CAATCAGG	6.990461	-23.086468	0	T:49.0(17.19%),B:3016.1(6.18%),P:1e-10	Tpos:95.2,Tstd:60.5,Bpos:100.1,Bstd:58.4,StrandBias:0.4,Multiplicity:1.15
0.001	0.997	0.001	0.001
0.783	0.046	0.041	0.130
0.935	0.035	0.001	0.029
0.158	0.030	0.111	0.701
0.001	0.997	0.001	0.001
0.969	0.001	0.001	0.029
0.001	0.040	0.958	0.001
0.035	0.077	0.887	0.001
>CAGGAAAC	10-CAGGAAAC	7.604133	-19.151896	0	T:50.0(17.54%),B:3510.8(7.19%),P:1e-8	Tpos:96.7,Tstd:53.1,Bpos:99.7,Bstd:59.0,StrandBias:0.3,Multiplicity:1.13
0.001	0.826	0.030	0.143
0.856	0.080	0.001	0.063
0.001	0.001	0.997	0.001
0.001	0.030	0.949	0.020
0.826	0.001	0.172	0.001
0.972	0.001	0.001	0.026
0.636	0.180	0.097	0.087
0.001	0.959	0.001	0.039
>MGCCAGCT	11-MGCCAGCT	7.181370	-17.077960	0	T:39.0(13.68%),B:2526.8(5.18%),P:1e-7	Tpos:95.5,Tstd:57.6,Bpos:102.0,Bstd:59.1,StrandBias:0.0,Multiplicity:1.05
0.424	0.295	0.132	0.149
0.225	0.001	0.773	0.001
0.043	0.936	0.020	0.001
0.001	0.650	0.174	0.175
0.636	0.268	0.094	0.002
0.001	0.001	0.997	0.001
0.195	0.565	0.171	0.069
0.083	0.001	0.014	0.902
>GAAAAAAR	12-GAAAAAAR	8.000730	-5.298372	0	T:32.0(11.23%),B:3378.0(6.92%),P:1e-2	Tpos:94.0,Tstd:59.9,Bpos:100.5,Bstd:59.7,StrandBias:-0.3,Multiplicity:1.19
0.244	0.001	0.754	0.001
0.537	0.013	0.351	0.099
0.903	0.001	0.001	0.095
0.930	0.068	0.001	0.001
0.997	0.001	0.001	0.001
0.956	0.001	0.001	0.042
0.792	0.113	0.094	0.001
0.404	0.047	0.548	0.001
