>ATGASTCATT	1-ATGASTCATT	7.798551	-77.942301	0	T:48.0(16.84%),B:744.5(1.52%),P:1e-33	Tpos:104.8,Tstd:49.9,Bpos:101.4,Bstd:57.6,StrandBias:0.5,Multiplicity:1.04
0.507	0.087	0.325	0.081
0.041	0.043	0.041	0.875
0.001	0.038	0.757	0.204
0.916	0.001	0.064	0.019
0.067	0.377	0.465	0.090
0.021	0.098	0.017	0.864
0.166	0.710	0.061	0.063
0.911	0.055	0.001	0.033
0.103	0.288	0.111	0.498
0.236	0.108	0.152	0.504
>AATGTTTACT	2-AATGTTTACT	6.878328	-58.286906	0	T:102.0(35.79%),B:5727.4(11.73%),P:1e-25	Tpos:95.8,Tstd:55.2,Bpos:99.7,Bstd:60.7,StrandBias:0.1,Multiplicity:1.37
0.523	0.106	0.001	0.370
0.388	0.231	0.225	0.156
0.156	0.034	0.001	0.809
0.301	0.001	0.696	0.002
0.071	0.001	0.001	0.927
0.001	0.001	0.079	0.919
0.115	0.052	0.001	0.832
0.595	0.001	0.344	0.060
0.102	0.661	0.001	0.236
0.186	0.210	0.001	0.603
>CCTTATCTHT	3-CCTTATCTHT	5.755501	-42.464547	0	T:45.0(15.79%),B:1500.0(3.07%),P:1e-18	Tpos:104.0,Tstd:46.2,Bpos:100.3,Bstd:55.9,StrandBias:-0.1,Multiplicity:1.14
0.001	0.482	0.223	0.294
0.001	0.607	0.001	0.391
0.001	0.001	0.001	0.997
0.001	0.001	0.001	0.997
0.997	0.001	0.001	0.001
0.001	0.001	0.001	0.997
0.001	0.997	0.001	0.001
0.001	0.001	0.001	0.997
0.366	0.314	0.003	0.317
0.025	0.240	0.162	0.573
>GTGGACTTTG	4-GTGGACTTTG	7.813542	-36.147026	0	T:42.0(14.74%),B:1547.4(3.17%),P:1e-15	Tpos:99.0,Tstd:47.2,Bpos:99.9,Bstd:59.0,StrandBias:-1.1,Multiplicity:1.08
0.199	0.134	0.626	0.041
0.001	0.158	0.040	0.801
0.002	0.001	0.736	0.261
0.076	0.069	0.638	0.217
0.904	0.067	0.028	0.001
0.055	0.695	0.041	0.209
0.001	0.001	0.001	0.997
0.001	0.001	0.031	0.967
0.148	0.001	0.001	0.850
0.095	0.001	0.818	0.086
>ACCTTTGCCC	5-ACCTTTGCCC	10.047705	-29.778668	0	T:20.0(7.02%),B:365.4(0.75%),P:1e-12	Tpos:118.0,Tstd:49.6,Bpos:89.1,Bstd:60.6,StrandBias:0.4,Multiplicity:1.05
0.946	0.001	0.052	0.001
0.082	0.859	0.058	0.001
0.001	0.937	0.001	0.061
0.001	0.001	0.001	0.997
0.001	0.086	0.001	0.912
0.092	0.001	0.066	0.841
0.001	0.001	0.997	0.001
0.061	0.810	0.069	0.060
0.143	0.855	0.001	0.001
0.001	0.997	0.001	0.001
>RGVCACACCC	6-RGVCACACCC	7.883472	-28.473265	0	T:55.0(19.30%),B:3174.1(6.50%),P:1e-12	Tpos:115.2,Tstd:54.9,Bpos:97.9,Bstd:60.5,StrandBias:0.3,Multiplicity:1.09
0.422	0.001	0.553	0.024
0.272	0.005	0.722	0.001
0.255	0.352	0.288	0.106
0.001	0.997	0.001	0.001
0.632	0.263	0.001	0.104
0.171	0.827	0.001	0.001
0.762	0.001	0.001	0.236
0.001	0.984	0.014	0.001
0.080	0.918	0.001	0.001
0.248	0.510	0.001	0.241
>CAAATCAATA	7-CAAATCAATA	10.957906	-27.197370	0	T:12.0(4.21%),B:100.7(0.21%),P:1e-11	Tpos:114.4,Tstd:41.4,Bpos:106.2,Bstd:60.2,StrandBias:1.4,Multiplicity:1.00
0.001	0.814	0.091	0.094
0.997	0.001	0.001	0.001
0.768	0.109	0.122	0.001
0.997	0.001	0.001	0.001
0.001	0.001	0.001	0.997
0.001	0.997	0.001	0.001
0.997	0.001	0.001	0.001
0.800	0.105	0.094	0.001
0.001	0.001	0.001	0.997
0.997	0.001	0.001	0.001
>CCAGCTAGAG	8-CCAGCTAGAG	10.254120	-25.010795	0	T:13.0(4.56%),B:154.9(0.32%),P:1e-10	Tpos:86.1,Tstd:55.8,Bpos:101.9,Bstd:53.3,StrandBias:0.2,Multiplicity:1.00
0.001	0.922	0.001	0.076
0.001	0.911	0.001	0.087
0.997	0.001	0.001	0.001
0.202	0.001	0.796	0.001
0.001	0.927	0.001	0.071
0.001	0.032	0.001	0.966
0.803	0.110	0.037	0.050
0.001	0.001	0.997	0.001
0.883	0.115	0.001	0.001
0.071	0.001	0.838	0.090
>TCTGTTTGAT	9-TCTGTTTGAT	8.051223	-24.574573	0	T:38.0(13.33%),B:1838.3(3.77%),P:1e-10	Tpos:87.6,Tstd:58.1,Bpos:102.0,Bstd:59.7,StrandBias:0.6,Multiplicity:1.00
0.001	0.270	0.001	0.728
0.186	0.707	0.001	0.106
0.001	0.001	0.001	0.997
0.095	0.121	0.783	0.001
0.116	0.113	0.127	0.644
0.001	0.001	0.001	0.997
0.001	0.001	0.001	0.997
0.124	0.081	0.713	0.082
0.621	0.001	0.223	0.155
0.259	0.124	0.001	0.616
>GCCACTTCCT	10-GCCACTTCCT	10.110795	-23.401446	0	T:21.0(7.37%),B:584.6(1.20%),P:1e-10	Tpos:97.7,Tstd:57.3,Bpos:95.4,Bstd:56.6,StrandBias:0.6,Multiplicity:1.10
0.001	0.066	0.657	0.276
0.001	0.751	0.247	0.001
0.289	0.709	0.001	0.001
0.857	0.001	0.001	0.141
0.001	0.997	0.001	0.001
0.001	0.001	0.001	0.997
0.001	0.207	0.001	0.791
0.001	0.997	0.001	0.001
0.001	0.997	0.001	0.001
0.001	0.001	0.001	0.997
>CCACGTGGCA	11-CCACGTGGCA	7.029599	-19.312684	0	T:40.0(14.04%),B:2424.7(4.97%),P:1e-8	Tpos:94.8,Tstd:47.2,Bpos:98.1,Bstd:61.8,StrandBias:-0.1,Multiplicity:1.10
0.098	0.766	0.088	0.048
0.001	0.934	0.026	0.039
0.865	0.038	0.001	0.096
0.046	0.726	0.108	0.120
0.052	0.058	0.852	0.038
0.075	0.029	0.085	0.811
0.058	0.023	0.885	0.034
0.104	0.128	0.702	0.066
0.138	0.750	0.074	0.038
0.719	0.109	0.042	0.130
>CGACTTCCCT	12-CGACTTCCCT	10.549184	-18.957976	0	T:11.0(3.86%),B:165.1(0.34%),P:1e-8	Tpos:115.7,Tstd:64.5,Bpos:100.7,Bstd:61.5,StrandBias:-0.8,Multiplicity:1.00
0.001	0.836	0.083	0.080
0.077	0.137	0.785	0.001
0.997	0.001	0.001	0.001
0.001	0.997	0.001	0.001
0.001	0.001	0.230	0.768
0.001	0.001	0.001	0.997
0.001	0.997	0.001	0.001
0.001	0.997	0.001	0.001
0.001	0.768	0.230	0.001
0.001	0.001	0.001	0.997
>CTTCCAGGAA	13-CTTCCAGGAA	9.654681	-17.264960	0	T:20.0(7.02%),B:755.7(1.55%),P:1e-7	Tpos:96.8,Tstd:49.2,Bpos:99.4,Bstd:57.2,StrandBias:1.5,Multiplicity:1.00
0.053	0.854	0.052	0.041
0.049	0.038	0.001	0.912
0.074	0.001	0.046	0.879
0.059	0.939	0.001	0.001
0.001	0.922	0.001	0.076
0.820	0.001	0.001	0.178
0.001	0.001	0.938	0.060
0.045	0.001	0.875	0.079
0.957	0.001	0.041	0.001
0.935	0.001	0.001	0.063
>TTCCTACATG	14-TTCCTACATG	9.666299	-17.255108	0	T:14.0(4.91%),B:352.7(0.72%),P:1e-7	Tpos:91.3,Tstd:49.3,Bpos:104.2,Bstd:53.5,StrandBias:1.5,Multiplicity:1.07
0.001	0.001	0.197	0.801
0.001	0.001	0.001	0.997
0.001	0.850	0.148	0.001
0.001	0.772	0.001	0.226
0.137	0.001	0.001	0.861
0.714	0.019	0.001	0.266
0.109	0.889	0.001	0.001
0.972	0.001	0.001	0.026
0.001	0.001	0.118	0.880
0.001	0.001	0.612	0.386
>TCCGTTTCCG	15-TCCGTTTCCG	10.953757	-17.197958	0	T:8.0(2.81%),B:80.0(0.16%),P:1e-7	Tpos:107.1,Tstd:51.2,Bpos:90.2,Bstd:57.9,StrandBias:1.6,Multiplicity:1.00
0.001	0.001	0.001	0.997
0.001	0.997	0.001	0.001
0.180	0.818	0.001	0.001
0.001	0.155	0.683	0.161
0.001	0.001	0.001	0.997
0.001	0.001	0.001	0.997
0.001	0.001	0.001	0.997
0.001	0.997	0.001	0.001
0.001	0.864	0.001	0.134
0.001	0.001	0.883	0.115
>TTCTTGGTCA	16-TTCTTGGTCA	11.344370	-16.475662	0	T:8.0(2.81%),B:88.5(0.18%),P:1e-7	Tpos:91.8,Tstd:73.1,Bpos:99.5,Bstd:55.4,StrandBias:0.7,Multiplicity:1.00
0.001	0.001	0.116	0.882
0.001	0.001	0.001	0.997
0.165	0.833	0.001	0.001
0.001	0.001	0.001	0.997
0.001	0.001	0.001	0.997
0.001	0.001	0.997	0.001
0.001	0.001	0.997	0.001
0.001	0.001	0.001	0.997
0.112	0.886	0.001	0.001
0.997	0.001	0.001	0.001
>AGGTGACCTG	17-AGGTGACCTG	9.330430	-15.305966	0	T:15.0(5.26%),B:480.9(0.99%),P:1e-6	Tpos:96.2,Tstd:45.5,Bpos:97.5,Bstd:60.4,StrandBias:-0.2,Multiplicity:1.00
0.997	0.001	0.001	0.001
0.001	0.001	0.932	0.066
0.001	0.001	0.997	0.001
0.049	0.001	0.001	0.949
0.001	0.223	0.775	0.001
0.878	0.001	0.058	0.063
0.079	0.832	0.001	0.088
0.001	0.878	0.120	0.001
0.049	0.001	0.001	0.949
0.001	0.079	0.852	0.068
>CCGGGCTGGG	18-CCGGGCTGGG	8.125265	-14.211979	0	T:40.0(14.04%),B:2943.0(6.03%),P:1e-6	Tpos:121.5,Tstd:51.3,Bpos:99.5,Bstd:59.7,StrandBias:-0.6,Multiplicity:1.08
0.044	0.639	0.180	0.137
0.330	0.528	0.028	0.114
0.147	0.001	0.604	0.248
0.056	0.001	0.765	0.178
0.001	0.031	0.967	0.001
0.039	0.889	0.028	0.044
0.138	0.001	0.001	0.860
0.001	0.001	0.997	0.001
0.060	0.001	0.913	0.026
0.001	0.132	0.866	0.001
>CCCTGAGTAA	19-CCCTGAGTAA	10.296193	-13.281216	0	T:4.0(1.40%),B:14.7(0.03%),P:1e-5	Tpos:91.5,Tstd:74.2,Bpos:90.0,Bstd:72.2,StrandBias:0.0,Multiplicity:1.00
0.100	0.700	0.100	0.100
0.100	0.700	0.100	0.100
0.100	0.700	0.100	0.100
0.100	0.100	0.100	0.700
0.100	0.100	0.700	0.100
0.700	0.100	0.100	0.100
0.100	0.100	0.700	0.100
0.100	0.100	0.100	0.700
0.700	0.100	0.100	0.100
0.700	0.100	0.100	0.100
>RAAAAAAAAA	20-RAAAAAAAAA	9.449699	-8.784006	0	T:25.0(8.77%),B:1896.6(3.88%),P:1e-3	Tpos:89.6,Tstd:62.3,Bpos:99.1,Bstd:61.1,StrandBias:0.6,Multiplicity:1.04
0.428	0.001	0.522	0.049
0.878	0.032	0.055	0.035
0.961	0.001	0.037	0.001
0.937	0.038	0.024	0.001
0.985	0.001	0.013	0.001
0.964	0.001	0.034	0.001
0.986	0.001	0.012	0.001
0.963	0.035	0.001	0.001
0.997	0.001	0.001	0.001
0.926	0.037	0.023	0.014
>KDWRTGASTCAY	1-KDWRTGASTCAY	9.592736	-71.881992	0	T:38.0(13.33%),B:440.4(0.90%),P:1e-31	Tpos:106.8,Tstd:45.8,Bpos:97.3,Bstd:56.1,StrandBias:-1.1,Multiplicity:1.03
0.192	0.094	0.377	0.336
0.333	0.142	0.236	0.289
0.384	0.094	0.192	0.330
0.431	0.192	0.330	0.047
0.001	0.001	0.001	0.997
0.001	0.001	0.952	0.046
0.997	0.001	0.001	0.001
0.001	0.521	0.477	0.001
0.001	0.001	0.001	0.997
0.001	0.997	0.001	0.001
0.997	0.001	0.001	0.001
0.001	0.380	0.188	0.430
>RTGTTTRCTTTG	2-RTGTTTRCTTTG	7.637887	-55.742190	0	T:74.0(25.96%),B:3184.7(6.52%),P:1e-24	Tpos:100.4,Tstd:49.7,Bpos:97.8,Bstd:59.9,StrandBias:-0.1,Multiplicity:1.19
0.287	0.143	0.394	0.176
0.128	0.001	0.039	0.832
0.261	0.001	0.675	0.063
0.001	0.050	0.001	0.948
0.077	0.001	0.093	0.829
0.070	0.077	0.240	0.613
0.358	0.230	0.411	0.001
0.001	0.770	0.001	0.228
0.001	0.197	0.001	0.801
0.001	0.219	0.020	0.760
0.200	0.051	0.150	0.599
0.156	0.039	0.804	0.001
>AATGTTTACTCA	3-AATGTTTACTCA	10.114456	-49.971066	0	T:21.0(7.37%),B:148.0(0.30%),P:1e-21	Tpos:94.7,Tstd:58.1,Bpos:100.2,Bstd:55.4,StrandBias:-1.1,Multiplicity:1.05
0.753	0.001	0.001	0.245
0.912	0.001	0.001	0.086
0.050	0.050	0.001	0.899
0.106	0.050	0.843	0.001
0.202	0.051	0.051	0.696
0.001	0.001	0.100	0.898
0.050	0.050	0.001	0.899
0.708	0.051	0.188	0.053
0.050	0.948	0.001	0.001
0.151	0.001	0.050	0.798
0.050	0.754	0.001	0.195
0.899	0.001	0.050	0.050
>TTAATGTTTAAC	4-TTAATGTTTAAC	7.266033	-43.920061	0	T:50.0(17.54%),B:1807.6(3.70%),P:1e-19	Tpos:97.1,Tstd:54.3,Bpos:99.3,Bstd:58.9,StrandBias:-0.0,Multiplicity:1.09
0.090	0.046	0.077	0.787
0.145	0.057	0.114	0.684
0.879	0.015	0.044	0.062
0.769	0.112	0.031	0.088
0.267	0.015	0.059	0.659
0.114	0.145	0.626	0.115
0.209	0.061	0.031	0.699
0.031	0.059	0.090	0.820
0.061	0.077	0.001	0.861
0.720	0.031	0.138	0.111
0.778	0.089	0.061	0.072
0.157	0.722	0.044	0.077
>AGCAGAGATAAG	5-AGCAGAGATAAG	13.433878	-34.319045	0	T:8.0(2.81%),B:9.8(0.02%),P:1e-14	Tpos:72.0,Tstd:41.1,Bpos:100.9,Bstd:57.8,StrandBias:-1.6,Multiplicity:1.00
0.997	0.001	0.001	0.001
0.001	0.249	0.749	0.001
0.001	0.997	0.001	0.001
0.874	0.001	0.124	0.001
0.125	0.250	0.624	0.001
0.874	0.001	0.124	0.001
0.001	0.001	0.997	0.001
0.997	0.001	0.001	0.001
0.001	0.001	0.001	0.997
0.997	0.001	0.001	0.001
0.997	0.001	0.001	0.001
0.001	0.001	0.874	0.124
>GCAGGAAGTGGC	6-GCAGGAAGTGGC	9.473880	-27.523528	0	T:22.0(7.72%),B:522.0(1.07%),P:1e-11	Tpos:98.8,Tstd:58.1,Bpos:97.8,Bstd:59.4,StrandBias:-1.3,Multiplicity:1.09
0.054	0.144	0.759	0.043
0.091	0.749	0.106	0.054
0.945	0.001	0.001	0.053
0.053	0.001	0.945	0.001
0.053	0.001	0.945	0.001
0.702	0.056	0.188	0.054
0.891	0.054	0.001	0.054
0.037	0.001	0.908	0.054
0.002	0.054	0.039	0.905
0.001	0.001	0.734	0.264
0.001	0.185	0.772	0.042
0.114	0.756	0.098	0.032
>GGCAGGGCAGGG	7-GGCAGGGCAGGG	9.034265	-27.031137	0	T:40.0(14.04%),B:1861.0(3.81%),P:1e-11	Tpos:100.5,Tstd:59.9,Bpos:100.4,Bstd:56.9,StrandBias:-0.8,Multiplicity:1.05
0.037	0.074	0.807	0.082
0.134	0.021	0.793	0.052
0.027	0.553	0.344	0.076
0.785	0.031	0.063	0.121
0.001	0.001	0.932	0.066
0.215	0.001	0.737	0.047
0.047	0.029	0.891	0.033
0.192	0.458	0.263	0.087
0.782	0.001	0.048	0.169
0.001	0.041	0.924	0.034
0.001	0.001	0.934	0.064
0.256	0.034	0.547	0.163
>WBCTCCWGGGCA	8-WBCTCCWGGGCA	8.462948	-25.854436	0	T:34.0(11.93%),B:1422.9(2.91%),P:1e-11	Tpos:107.0,Tstd:50.1,Bpos:101.6,Bstd:57.5,StrandBias:-0.8,Multiplicity:1.06
0.436	0.001	0.184	0.378
0.046	0.262	0.340	0.352
0.001	0.848	0.082	0.069
0.276	0.067	0.001	0.656
0.001	0.743	0.034	0.222
0.001	0.868	0.130	0.001
0.385	0.182	0.001	0.432
0.092	0.001	0.597	0.310
0.090	0.001	0.908	0.001
0.091	0.001	0.907	0.001
0.001	0.862	0.001	0.136
0.997	0.001	0.001	0.001
>TGTTTACAGTCA	9-TGTTTACAGTCA	14.090323	-25.851846	0	T:6.0(2.11%),B:7.7(0.02%),P:1e-11	Tpos:117.7,Tstd:29.6,Bpos:93.6,Bstd:46.0,StrandBias:1.0,Multiplicity:1.00
0.001	0.001	0.001	0.997
0.001	0.001	0.790	0.208
0.001	0.001	0.001	0.997
0.001	0.001	0.001	0.997
0.001	0.001	0.001	0.997
0.997	0.001	0.001	0.001
0.163	0.835	0.001	0.001
0.997	0.001	0.001	0.001
0.001	0.001	0.997	0.001
0.001	0.001	0.001	0.997
0.001	0.790	0.208	0.001
0.790	0.208	0.001	0.001
>GCAATCAGGGAG	10-GCAATCAGGGAG	13.761685	-23.159513	0	T:6.0(2.11%),B:11.7(0.02%),P:1e-10	Tpos:90.3,Tstd:56.5,Bpos:110.3,Bstd:59.1,StrandBias:0.0,Multiplicity:1.00
0.001	0.001	0.997	0.001
0.001	0.997	0.001	0.001
0.667	0.154	0.001	0.178
0.869	0.001	0.129	0.001
0.001	0.001	0.001	0.997
0.001	0.997	0.001	0.001
0.997	0.001	0.001	0.001
0.001	0.001	0.997	0.001
0.001	0.001	0.997	0.001
0.001	0.178	0.820	0.001
0.997	0.001	0.001	0.001
0.178	0.001	0.820	0.001
>TGCCTGGAATGT	11-TGCCTGGAATGT	9.817647	-22.943059	0	T:16.0(5.61%),B:316.8(0.65%),P:1e-9	Tpos:98.8,Tstd:46.1,Bpos:97.3,Bstd:57.7,StrandBias:0.4,Multiplicity:1.00
0.076	0.001	0.076	0.847
0.001	0.001	0.859	0.139
0.077	0.630	0.216	0.077
0.001	0.847	0.076	0.076
0.059	0.001	0.001	0.939
0.001	0.001	0.997	0.001
0.076	0.001	0.857	0.066
0.727	0.060	0.133	0.080
0.804	0.066	0.053	0.077
0.076	0.001	0.052	0.871
0.001	0.001	0.922	0.076
0.143	0.146	0.001	0.710
>AGCTGGCACTGT	12-AGCTGGCACTGT	13.720022	-22.476795	0	T:7.0(2.46%),B:24.4(0.05%),P:1e-9	Tpos:76.1,Tstd:62.8,Bpos:118.9,Bstd:43.9,StrandBias:1.3,Multiplicity:1.00
0.997	0.001	0.001	0.001
0.001	0.001	0.997	0.001
0.001	0.997	0.001	0.001
0.140	0.001	0.162	0.697
0.001	0.001	0.997	0.001
0.001	0.001	0.997	0.001
0.001	0.997	0.001	0.001
0.858	0.140	0.001	0.001
0.001	0.997	0.001	0.001
0.001	0.001	0.001	0.997
0.162	0.001	0.836	0.001
0.118	0.001	0.111	0.770
>TCTTCAAATAAA	13-TCTTCAAATAAA	8.612162	-21.844213	0	T:25.0(8.77%),B:918.1(1.88%),P:1e-9	Tpos:106.2,Tstd:64.3,Bpos:100.6,Bstd:55.4,StrandBias:-0.4,Multiplicity:1.00
0.184	0.178	0.001	0.637
0.062	0.930	0.005	0.003
0.164	0.001	0.001	0.834
0.001	0.001	0.273	0.725
0.075	0.733	0.089	0.103
0.997	0.001	0.001	0.001
0.896	0.001	0.001	0.102
0.997	0.001	0.001	0.001
0.001	0.156	0.156	0.687
0.793	0.103	0.103	0.001
0.890	0.001	0.006	0.103
0.896	0.001	0.102	0.001
>TTGGGTTTGTTT	14-TTGGGTTTGTTT	12.858812	-17.358324	0	T:4.0(1.40%),B:5.0(0.01%),P:1e-7	Tpos:108.8,Tstd:57.9,Bpos:111.4,Bstd:32.9,StrandBias:1.6,Multiplicity:1.00
0.001	0.097	0.204	0.698
0.363	0.001	0.002	0.634
0.104	0.001	0.891	0.004
0.005	0.001	0.766	0.228
0.228	0.001	0.770	0.001
0.199	0.001	0.001	0.799
0.001	0.001	0.106	0.892
0.001	0.121	0.002	0.876
0.005	0.325	0.667	0.003
0.001	0.002	0.228	0.769
0.002	0.121	0.001	0.876
0.382	0.002	0.003	0.613
>ATTTTTTTTTTT	15-ATTTTTTTTTTT	10.242643	-8.352457	0	T:22.0(7.72%),B:1610.4(3.30%),P:1e-3	Tpos:95.9,Tstd:61.8,Bpos:99.4,Bstd:60.4,StrandBias:-0.5,Multiplicity:1.00
0.580	0.115	0.044	0.261
0.042	0.154	0.030	0.774
0.064	0.169	0.001	0.766
0.083	0.031	0.095	0.791
0.056	0.125	0.001	0.818
0.019	0.001	0.001	0.979
0.081	0.001	0.039	0.879
0.052	0.010	0.001	0.937
0.026	0.001	0.057	0.916
0.023	0.126	0.001	0.850
0.020	0.094	0.001	0.885
0.043	0.122	0.001	0.834
>TGACTCAT	1-TGACTCAT	7.029105	-70.198412	0	T:65.0(22.81%),B:1875.7(3.84%),P:1e-30	Tpos:101.4,Tstd:50.1,Bpos:100.8,Bstd:57.9,StrandBias:-0.1,Multiplicity:1.03
0.001	0.001	0.001	0.997
0.001	0.010	0.917	0.072
0.991	0.001	0.001	0.007
0.018	0.742	0.225	0.015
0.024	0.001	0.014	0.961
0.036	0.952	0.001	0.011
0.985	0.001	0.013	0.001
0.018	0.157	0.073	0.752
>BCTTATCT	2-BCTTATCT	7.138743	-52.780916	0	T:67.0(23.51%),B:2742.7(5.62%),P:1e-22	Tpos:100.3,Tstd:50.4,Bpos:100.6,Bstd:57.9,StrandBias:0.0,Multiplicity:1.21
0.054	0.365	0.234	0.347
0.040	0.475	0.294	0.191
0.050	0.042	0.001	0.907
0.001	0.012	0.041	0.946
0.928	0.001	0.049	0.022
0.060	0.033	0.072	0.835
0.017	0.981	0.001	0.001
0.170	0.022	0.050	0.758
>AATGTTTA	3-AATGTTTA	5.877816	-50.535379	0	T:135.0(47.37%),B:10368.4(21.24%),P:1e-21	Tpos:102.1,Tstd:57.6,Bpos:99.6,Bstd:62.1,StrandBias:-0.2,Multiplicity:1.38
0.608	0.009	0.001	0.382
0.525	0.207	0.183	0.085
0.026	0.109	0.001	0.864
0.147	0.046	0.806	0.001
0.099	0.001	0.001	0.899
0.001	0.001	0.017	0.981
0.002	0.022	0.001	0.975
0.573	0.001	0.382	0.044
>GTATTTAC	4-GTATTTAC	6.860415	-43.058340	0	T:63.0(22.11%),B:2929.6(6.00%),P:1e-18	Tpos:96.1,Tstd:47.9,Bpos:99.3,Bstd:59.1,StrandBias:0.8,Multiplicity:1.05
0.034	0.139	0.594	0.233
0.001	0.001	0.001	0.997
0.837	0.001	0.161	0.001
0.045	0.001	0.001	0.953
0.001	0.001	0.001	0.997
0.001	0.001	0.097	0.901
0.851	0.001	0.147	0.001
0.001	0.997	0.001	0.001
>RATCGATA	5-RATCGATA	7.659496	-37.609488	0	T:25.0(8.77%),B:443.0(0.91%),P:1e-16	Tpos:118.9,Tstd:45.9,Bpos:99.0,Bstd:55.4,StrandBias:0.8,Multiplicity:1.00
0.488	0.001	0.510	0.001
0.784	0.081	0.134	0.001
0.001	0.001	0.001	0.997
0.001	0.885	0.001	0.113
0.377	0.001	0.621	0.001
0.814	0.001	0.001	0.184
0.001	0.095	0.001	0.903
0.651	0.034	0.210	0.105
>RCCRCACC	6-RCCRCACC	6.009038	-32.557425	0	T:50.0(17.54%),B:2405.5(4.93%),P:1e-14	Tpos:109.1,Tstd:58.3,Bpos:97.6,Bstd:61.6,StrandBias:0.2,Multiplicity:1.06
0.431	0.001	0.567	0.001
0.001	0.974	0.024	0.001
0.001	0.997	0.001	0.001
0.530	0.001	0.468	0.001
0.001	0.997	0.001	0.001
0.966	0.001	0.001	0.032
0.001	0.997	0.001	0.001
0.001	0.997	0.001	0.001
>GCCACGTG	7-GCCACGTG	4.543082	-32.115190	0	T:91.0(31.93%),B:6849.4(14.03%),P:1e-13	Tpos:91.6,Tstd:52.0,Bpos:99.0,Bstd:61.2,StrandBias:0.2,Multiplicity:1.09
0.102	0.020	0.713	0.165
0.035	0.858	0.061	0.046
0.001	0.997	0.001	0.001
0.997	0.001	0.001	0.001
0.001	0.832	0.001	0.166
0.061	0.001	0.937	0.001
0.047	0.001	0.001	0.951
0.029	0.001	0.969	0.001
>CTTTGCCC	8-CTTTGCCC	6.811118	-23.829760	0	T:59.0(20.70%),B:4021.0(8.24%),P:1e-10	Tpos:104.4,Tstd:55.3,Bpos:99.5,Bstd:59.6,StrandBias:-0.1,Multiplicity:1.09
0.001	0.997	0.001	0.001
0.001	0.001	0.324	0.674
0.001	0.061	0.001	0.937
0.001	0.001	0.001	0.997
0.001	0.001	0.997	0.001
0.006	0.929	0.001	0.064
0.043	0.573	0.383	0.001
0.043	0.903	0.001	0.053
>CAATCAGG	9-CAATCAGG	6.990461	-23.086468	0	T:49.0(17.19%),B:3016.1(6.18%),P:1e-10	Tpos:95.2,Tstd:60.5,Bpos:100.1,Bstd:58.4,StrandBias:0.4,Multiplicity:1.15
0.001	0.997	0.001	0.001
0.783	0.046	0.041	0.130
0.935	0.035	0.001	0.029
0.158	0.030	0.111	0.701
0.001	0.997	0.001	0.001
0.969	0.001	0.001	0.029
0.001	0.040	0.958	0.001
0.035	0.077	0.887	0.001
>CAGGAAAC	10-CAGGAAAC	7.604133	-19.151896	0	T:50.0(17.54%),B:3510.8(7.19%),P:1e-8	Tpos:96.7,Tstd:53.1,Bpos:99.7,Bstd:59.0,StrandBias:0.3,Multiplicity:1.13
0.001	0.826	0.030	0.143
0.856	0.080	0.001	0.063
0.001	0.001	0.997	0.001
0.001	0.030	0.949	0.020
0.826	0.001	0.172	0.001
0.972	0.001	0.001	0.026
0.636	0.180	0.097	0.087
0.001	0.959	0.001	0.039
>MGCCAGCT	11-MGCCAGCT	7.181370	-17.077960	0	T:39.0(13.68%),B:2526.8(5.18%),P:1e-7	Tpos:95.5,Tstd:57.6,Bpos:102.0,Bstd:59.1,StrandBias:0.0,Multiplicity:1.05
0.424	0.295	0.132	0.149
0.225	0.001	0.773	0.001
0.043	0.936	0.020	0.001
0.001	0.650	0.174	0.175
0.636	0.268	0.094	0.002
0.001	0.001	0.997	0.001
0.195	0.565	0.171	0.069
0.083	0.001	0.014	0.902
>GAAAAAAR	12-GAAAAAAR	8.000730	-5.298372	0	T:32.0(11.23%),B:3378.0(6.92%),P:1e-2	Tpos:94.0,Tstd:59.9,Bpos:100.5,Bstd:59.7,StrandBias:-0.3,Multiplicity:1.19
0.244	0.001	0.754	0.001
0.537	0.013	0.351	0.099
0.903	0.001	0.001	0.095
0.930	0.068	0.001	0.001
0.997	0.001	0.001	0.001
0.956	0.001	0.001	0.042
0.792	0.113	0.094	0.001
0.404	0.047	0.548	0.001
