>KDWRTGASTCAY	1-KDWRTGASTCAY	9.592736	-71.881992	0	T:38.0(13.33%),B:440.4(0.90%),P:1e-31	Tpos:106.8,Tstd:45.8,Bpos:97.3,Bstd:56.1,StrandBias:-1.1,Multiplicity:1.03
0.192	0.094	0.377	0.336
0.333	0.142	0.236	0.289
0.384	0.094	0.192	0.330
0.431	0.192	0.330	0.047
0.001	0.001	0.001	0.997
0.001	0.001	0.952	0.046
0.997	0.001	0.001	0.001
0.001	0.521	0.477	0.001
0.001	0.001	0.001	0.997
0.001	0.997	0.001	0.001
0.997	0.001	0.001	0.001
0.001	0.380	0.188	0.430
>RTGTTTRCTTTG	2-RTGTTTRCTTTG	7.637887	-55.742190	0	T:74.0(25.96%),B:3184.7(6.52%),P:1e-24	Tpos:100.4,Tstd:49.7,Bpos:97.8,Bstd:59.9,StrandBias:-0.1,Multiplicity:1.19
0.287	0.143	0.394	0.176
0.128	0.001	0.039	0.832
0.261	0.001	0.675	0.063
0.001	0.050	0.001	0.948
0.077	0.001	0.093	0.829
0.070	0.077	0.240	0.613
0.358	0.230	0.411	0.001
0.001	0.770	0.001	0.228
0.001	0.197	0.001	0.801
0.001	0.219	0.020	0.760
0.200	0.051	0.150	0.599
0.156	0.039	0.804	0.001
>AATGTTTACTCA	3-AATGTTTACTCA	10.114456	-49.971066	0	T:21.0(7.37%),B:148.0(0.30%),P:1e-21	Tpos:94.7,Tstd:58.1,Bpos:100.2,Bstd:55.4,StrandBias:-1.1,Multiplicity:1.05
0.753	0.001	0.001	0.245
0.912	0.001	0.001	0.086
0.050	0.050	0.001	0.899
0.106	0.050	0.843	0.001
0.202	0.051	0.051	0.696
0.001	0.001	0.100	0.898
0.050	0.050	0.001	0.899
0.708	0.051	0.188	0.053
0.050	0.948	0.001	0.001
0.151	0.001	0.050	0.798
0.050	0.754	0.001	0.195
0.899	0.001	0.050	0.050
>TTAATGTTTAAC	4-TTAATGTTTAAC	7.266033	-43.920061	0	T:50.0(17.54%),B:1807.6(3.70%),P:1e-19	Tpos:97.1,Tstd:54.3,Bpos:99.3,Bstd:58.9,StrandBias:-0.0,Multiplicity:1.09
0.090	0.046	0.077	0.787
0.145	0.057	0.114	0.684
0.879	0.015	0.044	0.062
0.769	0.112	0.031	0.088
0.267	0.015	0.059	0.659
0.114	0.145	0.626	0.115
0.209	0.061	0.031	0.699
0.031	0.059	0.090	0.820
0.061	0.077	0.001	0.861
0.720	0.031	0.138	0.111
0.778	0.089	0.061	0.072
0.157	0.722	0.044	0.077
>AGCAGAGATAAG	5-AGCAGAGATAAG	13.433878	-34.319045	0	T:8.0(2.81%),B:9.8(0.02%),P:1e-14	Tpos:72.0,Tstd:41.1,Bpos:100.9,Bstd:57.8,StrandBias:-1.6,Multiplicity:1.00
0.997	0.001	0.001	0.001
0.001	0.249	0.749	0.001
0.001	0.997	0.001	0.001
0.874	0.001	0.124	0.001
0.125	0.250	0.624	0.001
0.874	0.001	0.124	0.001
0.001	0.001	0.997	0.001
0.997	0.001	0.001	0.001
0.001	0.001	0.001	0.997
0.997	0.001	0.001	0.001
0.997	0.001	0.001	0.001
0.001	0.001	0.874	0.124
>GCAGGAAGTGGC	6-GCAGGAAGTGGC	9.473880	-27.523528	0	T:22.0(7.72%),B:522.0(1.07%),P:1e-11	Tpos:98.8,Tstd:58.1,Bpos:97.8,Bstd:59.4,StrandBias:-1.3,Multiplicity:1.09
0.054	0.144	0.759	0.043
0.091	0.749	0.106	0.054
0.945	0.001	0.001	0.053
0.053	0.001	0.945	0.001
0.053	0.001	0.945	0.001
0.702	0.056	0.188	0.054
0.891	0.054	0.001	0.054
0.037	0.001	0.908	0.054
0.002	0.054	0.039	0.905
0.001	0.001	0.734	0.264
0.001	0.185	0.772	0.042
0.114	0.756	0.098	0.032
>GGCAGGGCAGGG	7-GGCAGGGCAGGG	9.034265	-27.031137	0	T:40.0(14.04%),B:1861.0(3.81%),P:1e-11	Tpos:100.5,Tstd:59.9,Bpos:100.4,Bstd:56.9,StrandBias:-0.8,Multiplicity:1.05
0.037	0.074	0.807	0.082
0.134	0.021	0.793	0.052
0.027	0.553	0.344	0.076
0.785	0.031	0.063	0.121
0.001	0.001	0.932	0.066
0.215	0.001	0.737	0.047
0.047	0.029	0.891	0.033
0.192	0.458	0.263	0.087
0.782	0.001	0.048	0.169
0.001	0.041	0.924	0.034
0.001	0.001	0.934	0.064
0.256	0.034	0.547	0.163
>WBCTCCWGGGCA	8-WBCTCCWGGGCA	8.462948	-25.854436	0	T:34.0(11.93%),B:1422.9(2.91%),P:1e-11	Tpos:107.0,Tstd:50.1,Bpos:101.6,Bstd:57.5,StrandBias:-0.8,Multiplicity:1.06
0.436	0.001	0.184	0.378
0.046	0.262	0.340	0.352
0.001	0.848	0.082	0.069
0.276	0.067	0.001	0.656
0.001	0.743	0.034	0.222
0.001	0.868	0.130	0.001
0.385	0.182	0.001	0.432
0.092	0.001	0.597	0.310
0.090	0.001	0.908	0.001
0.091	0.001	0.907	0.001
0.001	0.862	0.001	0.136
0.997	0.001	0.001	0.001
>TGTTTACAGTCA	9-TGTTTACAGTCA	14.090323	-25.851846	0	T:6.0(2.11%),B:7.7(0.02%),P:1e-11	Tpos:117.7,Tstd:29.6,Bpos:93.6,Bstd:46.0,StrandBias:1.0,Multiplicity:1.00
0.001	0.001	0.001	0.997
0.001	0.001	0.790	0.208
0.001	0.001	0.001	0.997
0.001	0.001	0.001	0.997
0.001	0.001	0.001	0.997
0.997	0.001	0.001	0.001
0.163	0.835	0.001	0.001
0.997	0.001	0.001	0.001
0.001	0.001	0.997	0.001
0.001	0.001	0.001	0.997
0.001	0.790	0.208	0.001
0.790	0.208	0.001	0.001
>GCAATCAGGGAG	10-GCAATCAGGGAG	13.761685	-23.159513	0	T:6.0(2.11%),B:11.7(0.02%),P:1e-10	Tpos:90.3,Tstd:56.5,Bpos:110.3,Bstd:59.1,StrandBias:0.0,Multiplicity:1.00
0.001	0.001	0.997	0.001
0.001	0.997	0.001	0.001
0.667	0.154	0.001	0.178
0.869	0.001	0.129	0.001
0.001	0.001	0.001	0.997
0.001	0.997	0.001	0.001
0.997	0.001	0.001	0.001
0.001	0.001	0.997	0.001
0.001	0.001	0.997	0.001
0.001	0.178	0.820	0.001
0.997	0.001	0.001	0.001
0.178	0.001	0.820	0.001
>TGCCTGGAATGT	11-TGCCTGGAATGT	9.817647	-22.943059	0	T:16.0(5.61%),B:316.8(0.65%),P:1e-9	Tpos:98.8,Tstd:46.1,Bpos:97.3,Bstd:57.7,StrandBias:0.4,Multiplicity:1.00
0.076	0.001	0.076	0.847
0.001	0.001	0.859	0.139
0.077	0.630	0.216	0.077
0.001	0.847	0.076	0.076
0.059	0.001	0.001	0.939
0.001	0.001	0.997	0.001
0.076	0.001	0.857	0.066
0.727	0.060	0.133	0.080
0.804	0.066	0.053	0.077
0.076	0.001	0.052	0.871
0.001	0.001	0.922	0.076
0.143	0.146	0.001	0.710
>AGCTGGCACTGT	12-AGCTGGCACTGT	13.720022	-22.476795	0	T:7.0(2.46%),B:24.4(0.05%),P:1e-9	Tpos:76.1,Tstd:62.8,Bpos:118.9,Bstd:43.9,StrandBias:1.3,Multiplicity:1.00
0.997	0.001	0.001	0.001
0.001	0.001	0.997	0.001
0.001	0.997	0.001	0.001
0.140	0.001	0.162	0.697
0.001	0.001	0.997	0.001
0.001	0.001	0.997	0.001
0.001	0.997	0.001	0.001
0.858	0.140	0.001	0.001
0.001	0.997	0.001	0.001
0.001	0.001	0.001	0.997
0.162	0.001	0.836	0.001
0.118	0.001	0.111	0.770
>TCTTCAAATAAA	13-TCTTCAAATAAA	8.612162	-21.844213	0	T:25.0(8.77%),B:918.1(1.88%),P:1e-9	Tpos:106.2,Tstd:64.3,Bpos:100.6,Bstd:55.4,StrandBias:-0.4,Multiplicity:1.00
0.184	0.178	0.001	0.637
0.062	0.930	0.005	0.003
0.164	0.001	0.001	0.834
0.001	0.001	0.273	0.725
0.075	0.733	0.089	0.103
0.997	0.001	0.001	0.001
0.896	0.001	0.001	0.102
0.997	0.001	0.001	0.001
0.001	0.156	0.156	0.687
0.793	0.103	0.103	0.001
0.890	0.001	0.006	0.103
0.896	0.001	0.102	0.001
>TTGGGTTTGTTT	14-TTGGGTTTGTTT	12.858812	-17.358324	0	T:4.0(1.40%),B:5.0(0.01%),P:1e-7	Tpos:108.8,Tstd:57.9,Bpos:111.4,Bstd:32.9,StrandBias:1.6,Multiplicity:1.00
0.001	0.097	0.204	0.698
0.363	0.001	0.002	0.634
0.104	0.001	0.891	0.004
0.005	0.001	0.766	0.228
0.228	0.001	0.770	0.001
0.199	0.001	0.001	0.799
0.001	0.001	0.106	0.892
0.001	0.121	0.002	0.876
0.005	0.325	0.667	0.003
0.001	0.002	0.228	0.769
0.002	0.121	0.001	0.876
0.382	0.002	0.003	0.613
>ATTTTTTTTTTT	15-ATTTTTTTTTTT	10.242643	-8.352457	0	T:22.0(7.72%),B:1610.4(3.30%),P:1e-3	Tpos:95.9,Tstd:61.8,Bpos:99.4,Bstd:60.4,StrandBias:-0.5,Multiplicity:1.00
0.580	0.115	0.044	0.261
0.042	0.154	0.030	0.774
0.064	0.169	0.001	0.766
0.083	0.031	0.095	0.791
0.056	0.125	0.001	0.818
0.019	0.001	0.001	0.979
0.081	0.001	0.039	0.879
0.052	0.010	0.001	0.937
0.026	0.001	0.057	0.916
0.023	0.126	0.001	0.850
0.020	0.094	0.001	0.885
0.043	0.122	0.001	0.834
