>GSGGCCCCTGCA	1-GSGGCCCCTGCA	8.856055	-19.065168	0	T:9.0(56.25%),B:495.5(4.40%),P:1e-8	Tpos:105.4,Tstd:50.8,Bpos:98.3,Bstd:70.1,StrandBias:-0.3,Multiplicity:1.00
0.001	0.001	0.997	0.001
0.001	0.440	0.419	0.140
0.140	0.001	0.719	0.140
0.001	0.001	0.859	0.139
0.150	0.570	0.279	0.001
0.001	0.859	0.001	0.139
0.001	0.997	0.001	0.001
0.001	0.997	0.001	0.001
0.140	0.140	0.001	0.719
0.279	0.001	0.580	0.140
0.279	0.580	0.001	0.140
0.719	0.140	0.140	0.001
>ARGKSCTKKTTK	2-ARGKSCTKKTTK	12.191325	-7.800647	0	T:2.0(12.50%),B:21.7(0.19%),P:1e-3	Tpos:147.7,Tstd:15.4,Bpos:116.1,Bstd:55.7,StrandBias:-10.0,Multiplicity:1.50
0.997	0.001	0.001	0.001
0.534	0.001	0.464	0.001
0.001	0.001	0.997	0.001
0.001	0.001	0.534	0.464
0.001	0.534	0.464	0.001
0.001	0.997	0.001	0.001
0.001	0.001	0.001	0.997
0.001	0.001	0.464	0.534
0.061	0.001	0.464	0.474
0.001	0.001	0.001	0.997
0.001	0.001	0.001	0.997
0.001	0.001	0.473	0.525
>TTGTGCTTTGGC	3-TTGTGCTTTGGC	12.355432	-6.557976	0	T:1.0(6.25%),B:1.7(0.01%),P:1e-2	Tpos:77.0,Tstd:0.0,Bpos:154.0,Bstd:0.0,StrandBias:-10.0,Multiplicity:1.00
0.100	0.100	0.100	0.700
0.100	0.100	0.100	0.700
0.100	0.100	0.700	0.100
0.100	0.100	0.100	0.700
0.100	0.100	0.700	0.100
0.100	0.700	0.100	0.100
0.100	0.100	0.100	0.700
0.100	0.100	0.100	0.700
0.100	0.100	0.100	0.700
0.100	0.100	0.700	0.100
0.100	0.100	0.700	0.100
0.100	0.700	0.100	0.100
>TCAGGCCGCGGG	4-TCAGGCCGCGGG	12.355432	-6.557976	0	T:1.0(6.25%),B:1.8(0.02%),P:1e-2	Tpos:117.0,Tstd:0.0,Bpos:184.3,Bstd:8.1,StrandBias:-10.0,Multiplicity:1.00
0.100	0.100	0.100	0.700
0.100	0.700	0.100	0.100
0.700	0.100	0.100	0.100
0.100	0.100	0.700	0.100
0.100	0.100	0.700	0.100
0.100	0.700	0.100	0.100
0.100	0.700	0.100	0.100
0.100	0.100	0.700	0.100
0.100	0.700	0.100	0.100
0.100	0.100	0.700	0.100
0.100	0.100	0.700	0.100
0.100	0.100	0.700	0.100
>GGTGCGCGCGGG	5-GGTGCGCGCGGG	12.355432	-6.557976	0	T:1.0(6.25%),B:1.9(0.02%),P:1e-2	Tpos:54.0,Tstd:0.0,Bpos:89.8,Bstd:24.9,StrandBias:-10.0,Multiplicity:1.00
0.100	0.100	0.700	0.100
0.100	0.100	0.700	0.100
0.100	0.100	0.100	0.700
0.100	0.100	0.700	0.100
0.100	0.700	0.100	0.100
0.100	0.100	0.700	0.100
0.100	0.700	0.100	0.100
0.100	0.100	0.700	0.100
0.100	0.700	0.100	0.100
0.100	0.100	0.700	0.100
0.100	0.100	0.700	0.100
0.100	0.100	0.700	0.100
