>GKTGCCCYRGGY	1-GKTGCCCYRGGY	8.782458	-22.232115	0	T:7.0(12.28%),B:36.5(0.27%),P:1e-9	Tpos:93.0,Tstd:50.6,Bpos:78.4,Bstd:58.2,StrandBias:1.6,Multiplicity:1.14
0.001	0.001	0.997	0.001
0.001	0.001	0.488	0.510
0.001	0.001	0.001	0.997
0.001	0.001	0.997	0.001
0.001	0.997	0.001	0.001
0.001	0.997	0.001	0.001
0.001	0.997	0.001	0.001
0.001	0.541	0.001	0.457
0.458	0.001	0.485	0.056
0.001	0.001	0.997	0.001
0.001	0.001	0.943	0.055
0.001	0.510	0.001	0.488
>CAGGGCAGAGGG	2-CAGGGCAGAGGG	14.193508	-20.364853	0	T:5.0(8.77%),B:11.2(0.08%),P:1e-8	Tpos:87.6,Tstd:41.5,Bpos:114.7,Bstd:41.0,StrandBias:2.0,Multiplicity:1.00
0.001	0.997	0.001	0.001
0.997	0.001	0.001	0.001
0.001	0.001	0.997	0.001
0.001	0.001	0.997	0.001
0.001	0.001	0.997	0.001
0.001	0.997	0.001	0.001
0.820	0.178	0.001	0.001
0.001	0.204	0.794	0.001
0.997	0.001	0.001	0.001
0.001	0.001	0.794	0.204
0.001	0.001	0.997	0.001
0.001	0.001	0.794	0.204
>TACCCTGMGAGG	3-TACCCTGMGAGG	11.412851	-18.288089	0	T:6.0(10.53%),B:36.5(0.27%),P:1e-7	Tpos:62.7,Tstd:48.2,Bpos:108.6,Bstd:70.1,StrandBias:0.4,Multiplicity:1.17
0.001	0.251	0.246	0.502
0.497	0.001	0.251	0.251
0.001	0.794	0.204	0.001
0.001	0.774	0.201	0.024
0.001	0.997	0.001	0.001
0.001	0.001	0.016	0.982
0.001	0.001	0.997	0.001
0.453	0.502	0.020	0.025
0.001	0.254	0.744	0.001
0.997	0.001	0.001	0.001
0.250	0.001	0.748	0.001
0.001	0.001	0.997	0.001
>CGGCCTCACGGA	4-CGGCCTCACGGA	11.679124	-13.429749	0	T:5.0(8.77%),B:45.1(0.33%),P:1e-5	Tpos:94.8,Tstd:65.2,Bpos:100.9,Bstd:72.0,StrandBias:1.0,Multiplicity:1.20
0.001	0.806	0.192	0.001
0.001	0.192	0.806	0.001
0.001	0.193	0.613	0.193
0.001	0.997	0.001	0.001
0.192	0.806	0.001	0.001
0.001	0.001	0.001	0.997
0.001	0.997	0.001	0.001
0.806	0.192	0.001	0.001
0.001	0.613	0.193	0.193
0.011	0.011	0.977	0.001
0.001	0.001	0.997	0.001
0.613	0.385	0.001	0.001
>SAGAGCCGCTCC	5-SAGAGCCGCTCC	8.358486	-11.830587	0	T:13.0(22.81%),B:720.8(5.32%),P:1e-5	Tpos:67.0,Tstd:61.6,Bpos:97.5,Bstd:58.6,StrandBias:-0.1,Multiplicity:1.23
0.075	0.423	0.278	0.224
0.589	0.048	0.362	0.001
0.001	0.001	0.997	0.001
0.740	0.204	0.055	0.001
0.001	0.001	0.997	0.001
0.074	0.778	0.074	0.074
0.223	0.424	0.223	0.130
0.074	0.001	0.851	0.074
0.001	0.997	0.001	0.001
0.074	0.154	0.065	0.707
0.074	0.851	0.001	0.074
0.074	0.851	0.001	0.074
