>ATCGGCGCCC	1-ATCGGCGCCC	11.805064	-17.404928	0	T:4.0(7.02%),B:7.5(0.06%),P:1e-7	Tpos:51.8,Tstd:42.4,Bpos:98.0,Bstd:65.1,StrandBias:-10.0,Multiplicity:1.00
0.997	0.001	0.001	0.001
0.001	0.150	0.001	0.848
0.001	0.997	0.001	0.001
0.001	0.001	0.997	0.001
0.001	0.155	0.843	0.001
0.240	0.758	0.001	0.001
0.001	0.001	0.997	0.001
0.001	0.758	0.240	0.001
0.001	0.997	0.001	0.001
0.001	0.997	0.001	0.001
>CCTTGTCTCC	2-CCTTGTCTCC	8.090760	-16.285474	0	T:16.0(28.07%),B:778.2(5.75%),P:1e-7	Tpos:109.4,Tstd:58.8,Bpos:103.0,Bstd:62.2,StrandBias:-0.3,Multiplicity:1.12
0.001	0.808	0.125	0.066
0.001	0.649	0.066	0.284
0.052	0.088	0.001	0.859
0.001	0.032	0.157	0.810
0.001	0.094	0.853	0.052
0.001	0.123	0.230	0.646
0.001	0.818	0.137	0.044
0.001	0.046	0.058	0.895
0.001	0.779	0.057	0.163
0.001	0.899	0.055	0.045
>CGCGCCACCT	3-CGCGCCACCT	10.372410	-14.656571	0	T:8.0(14.04%),B:163.1(1.20%),P:1e-6	Tpos:78.1,Tstd:42.4,Bpos:106.2,Bstd:54.6,StrandBias:-0.6,Multiplicity:1.25
0.001	0.997	0.001	0.001
0.001	0.110	0.888	0.001
0.001	0.997	0.001	0.001
0.001	0.095	0.903	0.001
0.001	0.997	0.001	0.001
0.001	0.768	0.001	0.230
0.923	0.001	0.001	0.075
0.001	0.872	0.126	0.001
0.001	0.843	0.001	0.155
0.001	0.001	0.092	0.906
>GCGCCCCCCG	4-GCGCCCCCCG	9.343955	-10.603019	0	T:9.0(15.79%),B:373.6(2.76%),P:1e-4	Tpos:118.1,Tstd:45.2,Bpos:102.2,Bstd:56.7,StrandBias:-0.5,Multiplicity:1.22
0.001	0.001	0.997	0.001
0.031	0.967	0.001	0.001
0.001	0.001	0.997	0.001
0.001	0.887	0.111	0.001
0.115	0.791	0.093	0.001
0.001	0.923	0.075	0.001
0.001	0.910	0.088	0.001
0.141	0.776	0.082	0.001
0.119	0.879	0.001	0.001
0.001	0.118	0.880	0.001
>RGAGCSGCTC	5-RGAGCSGCTC	7.486306	-9.439570	0	T:14.0(24.56%),B:1039.9(7.68%),P:1e-4	Tpos:70.7,Tstd:64.6,Bpos:98.7,Bstd:59.3,StrandBias:-0.3,Multiplicity:1.21
0.487	0.040	0.472	0.001
0.089	0.001	0.909	0.001
0.755	0.124	0.048	0.073
0.001	0.001	0.982	0.016
0.160	0.768	0.071	0.001
0.125	0.424	0.391	0.060
0.001	0.001	0.824	0.174
0.001	0.997	0.001	0.001
0.064	0.068	0.022	0.846
0.001	0.997	0.001	0.001
>GKTGCCCYRGGY	1-GKTGCCCYRGGY	8.782458	-22.232115	0	T:7.0(12.28%),B:36.5(0.27%),P:1e-9	Tpos:93.0,Tstd:50.6,Bpos:78.4,Bstd:58.2,StrandBias:1.6,Multiplicity:1.14
0.001	0.001	0.997	0.001
0.001	0.001	0.488	0.510
0.001	0.001	0.001	0.997
0.001	0.001	0.997	0.001
0.001	0.997	0.001	0.001
0.001	0.997	0.001	0.001
0.001	0.997	0.001	0.001
0.001	0.541	0.001	0.457
0.458	0.001	0.485	0.056
0.001	0.001	0.997	0.001
0.001	0.001	0.943	0.055
0.001	0.510	0.001	0.488
>CAGGGCAGAGGG	2-CAGGGCAGAGGG	14.193508	-20.364853	0	T:5.0(8.77%),B:11.2(0.08%),P:1e-8	Tpos:87.6,Tstd:41.5,Bpos:114.7,Bstd:41.0,StrandBias:2.0,Multiplicity:1.00
0.001	0.997	0.001	0.001
0.997	0.001	0.001	0.001
0.001	0.001	0.997	0.001
0.001	0.001	0.997	0.001
0.001	0.001	0.997	0.001
0.001	0.997	0.001	0.001
0.820	0.178	0.001	0.001
0.001	0.204	0.794	0.001
0.997	0.001	0.001	0.001
0.001	0.001	0.794	0.204
0.001	0.001	0.997	0.001
0.001	0.001	0.794	0.204
>TACCCTGMGAGG	3-TACCCTGMGAGG	11.412851	-18.288089	0	T:6.0(10.53%),B:36.5(0.27%),P:1e-7	Tpos:62.7,Tstd:48.2,Bpos:108.6,Bstd:70.1,StrandBias:0.4,Multiplicity:1.17
0.001	0.251	0.246	0.502
0.497	0.001	0.251	0.251
0.001	0.794	0.204	0.001
0.001	0.774	0.201	0.024
0.001	0.997	0.001	0.001
0.001	0.001	0.016	0.982
0.001	0.001	0.997	0.001
0.453	0.502	0.020	0.025
0.001	0.254	0.744	0.001
0.997	0.001	0.001	0.001
0.250	0.001	0.748	0.001
0.001	0.001	0.997	0.001
>CGGCCTCACGGA	4-CGGCCTCACGGA	11.679124	-13.429749	0	T:5.0(8.77%),B:45.1(0.33%),P:1e-5	Tpos:94.8,Tstd:65.2,Bpos:100.9,Bstd:72.0,StrandBias:1.0,Multiplicity:1.20
0.001	0.806	0.192	0.001
0.001	0.192	0.806	0.001
0.001	0.193	0.613	0.193
0.001	0.997	0.001	0.001
0.192	0.806	0.001	0.001
0.001	0.001	0.001	0.997
0.001	0.997	0.001	0.001
0.806	0.192	0.001	0.001
0.001	0.613	0.193	0.193
0.011	0.011	0.977	0.001
0.001	0.001	0.997	0.001
0.613	0.385	0.001	0.001
>SAGAGCCGCTCC	5-SAGAGCCGCTCC	8.358486	-11.830587	0	T:13.0(22.81%),B:720.8(5.32%),P:1e-5	Tpos:67.0,Tstd:61.6,Bpos:97.5,Bstd:58.6,StrandBias:-0.1,Multiplicity:1.23
0.075	0.423	0.278	0.224
0.589	0.048	0.362	0.001
0.001	0.001	0.997	0.001
0.740	0.204	0.055	0.001
0.001	0.001	0.997	0.001
0.074	0.778	0.074	0.074
0.223	0.424	0.223	0.130
0.074	0.001	0.851	0.074
0.001	0.997	0.001	0.001
0.074	0.154	0.065	0.707
0.074	0.851	0.001	0.074
0.074	0.851	0.001	0.074
>TCCGGACA	1-TCCGGACA	8.009418	-14.409883	0	T:10.0(17.54%),B:305.5(2.26%),P:1e-6	Tpos:121.5,Tstd:56.6,Bpos:98.5,Bstd:62.3,StrandBias:-0.6,Multiplicity:1.00
0.001	0.001	0.001	0.997
0.001	0.997	0.001	0.001
0.079	0.919	0.001	0.001
0.001	0.001	0.997	0.001
0.001	0.326	0.672	0.001
0.997	0.001	0.001	0.001
0.001	0.997	0.001	0.001
0.878	0.001	0.120	0.001
>GWGSASCG	2-GWGSASCG	5.868960	-10.252027	0	T:34.0(59.65%),B:4481.3(33.10%),P:1e-4	Tpos:87.9,Tstd:53.7,Bpos:98.7,Bstd:61.4,StrandBias:-0.5,Multiplicity:1.71
0.001	0.116	0.882	0.001
0.294	0.212	0.089	0.405
0.001	0.001	0.997	0.001
0.001	0.476	0.522	0.001
0.581	0.304	0.041	0.074
0.001	0.539	0.459	0.001
0.085	0.560	0.045	0.310
0.058	0.194	0.484	0.264
>GATTATCT	3-GATTATCT	9.332467	-10.167474	0	T:4.0(7.02%),B:44.8(0.33%),P:1e-4	Tpos:121.8,Tstd:55.4,Bpos:100.1,Bstd:49.1,StrandBias:1.0,Multiplicity:1.00
0.235	0.001	0.763	0.001
0.997	0.001	0.001	0.001
0.001	0.001	0.001	0.997
0.251	0.001	0.001	0.747
0.997	0.001	0.001	0.001
0.001	0.001	0.001	0.997
0.001	0.997	0.001	0.001
0.001	0.001	0.001	0.997
>GKCCTCAT	4-GKCCTCAT	6.741184	-9.956223	0	T:22.0(38.60%),B:2214.2(16.35%),P:1e-4	Tpos:95.8,Tstd:57.0,Bpos:101.2,Bstd:63.3,StrandBias:-0.4,Multiplicity:1.33
0.001	0.213	0.651	0.135
0.001	0.001	0.540	0.458
0.001	0.752	0.246	0.001
0.001	0.997	0.001	0.001
0.001	0.296	0.041	0.662
0.001	0.997	0.001	0.001
0.699	0.082	0.001	0.218
0.001	0.366	0.029	0.604
>TGTCATKA	5-TGTCATKA	7.688554	-5.853473	0	T:6.0(10.53%),B:336.9(2.49%),P:1e-2	Tpos:99.0,Tstd:56.3,Bpos:101.8,Bstd:58.9,StrandBias:0.4,Multiplicity:1.17
0.001	0.001	0.001	0.997
0.001	0.001	0.997	0.001
0.001	0.001	0.102	0.896
0.001	0.707	0.001	0.291
0.899	0.099	0.001	0.001
0.187	0.001	0.001	0.811
0.001	0.189	0.389	0.420
0.809	0.001	0.001	0.189
