>ATCGGCGCCC	1-ATCGGCGCCC	11.805064	-17.404928	0	T:4.0(7.02%),B:7.5(0.06%),P:1e-7	Tpos:51.8,Tstd:42.4,Bpos:98.0,Bstd:65.1,StrandBias:-10.0,Multiplicity:1.00
0.997	0.001	0.001	0.001
0.001	0.150	0.001	0.848
0.001	0.997	0.001	0.001
0.001	0.001	0.997	0.001
0.001	0.155	0.843	0.001
0.240	0.758	0.001	0.001
0.001	0.001	0.997	0.001
0.001	0.758	0.240	0.001
0.001	0.997	0.001	0.001
0.001	0.997	0.001	0.001
>CCTTGTCTCC	2-CCTTGTCTCC	8.090760	-16.285474	0	T:16.0(28.07%),B:778.2(5.75%),P:1e-7	Tpos:109.4,Tstd:58.8,Bpos:103.0,Bstd:62.2,StrandBias:-0.3,Multiplicity:1.12
0.001	0.808	0.125	0.066
0.001	0.649	0.066	0.284
0.052	0.088	0.001	0.859
0.001	0.032	0.157	0.810
0.001	0.094	0.853	0.052
0.001	0.123	0.230	0.646
0.001	0.818	0.137	0.044
0.001	0.046	0.058	0.895
0.001	0.779	0.057	0.163
0.001	0.899	0.055	0.045
>CGCGCCACCT	3-CGCGCCACCT	10.372410	-14.656571	0	T:8.0(14.04%),B:163.1(1.20%),P:1e-6	Tpos:78.1,Tstd:42.4,Bpos:106.2,Bstd:54.6,StrandBias:-0.6,Multiplicity:1.25
0.001	0.997	0.001	0.001
0.001	0.110	0.888	0.001
0.001	0.997	0.001	0.001
0.001	0.095	0.903	0.001
0.001	0.997	0.001	0.001
0.001	0.768	0.001	0.230
0.923	0.001	0.001	0.075
0.001	0.872	0.126	0.001
0.001	0.843	0.001	0.155
0.001	0.001	0.092	0.906
>GCGCCCCCCG	4-GCGCCCCCCG	9.343955	-10.603019	0	T:9.0(15.79%),B:373.6(2.76%),P:1e-4	Tpos:118.1,Tstd:45.2,Bpos:102.2,Bstd:56.7,StrandBias:-0.5,Multiplicity:1.22
0.001	0.001	0.997	0.001
0.031	0.967	0.001	0.001
0.001	0.001	0.997	0.001
0.001	0.887	0.111	0.001
0.115	0.791	0.093	0.001
0.001	0.923	0.075	0.001
0.001	0.910	0.088	0.001
0.141	0.776	0.082	0.001
0.119	0.879	0.001	0.001
0.001	0.118	0.880	0.001
>RGAGCSGCTC	5-RGAGCSGCTC	7.486306	-9.439570	0	T:14.0(24.56%),B:1039.9(7.68%),P:1e-4	Tpos:70.7,Tstd:64.6,Bpos:98.7,Bstd:59.3,StrandBias:-0.3,Multiplicity:1.21
0.487	0.040	0.472	0.001
0.089	0.001	0.909	0.001
0.755	0.124	0.048	0.073
0.001	0.001	0.982	0.016
0.160	0.768	0.071	0.001
0.125	0.424	0.391	0.060
0.001	0.001	0.824	0.174
0.001	0.997	0.001	0.001
0.064	0.068	0.022	0.846
0.001	0.997	0.001	0.001
