>TCCGGACA	1-TCCGGACA	8.009418	-14.409883	0	T:10.0(17.54%),B:305.5(2.26%),P:1e-6	Tpos:121.5,Tstd:56.6,Bpos:98.5,Bstd:62.3,StrandBias:-0.6,Multiplicity:1.00
0.001	0.001	0.001	0.997
0.001	0.997	0.001	0.001
0.079	0.919	0.001	0.001
0.001	0.001	0.997	0.001
0.001	0.326	0.672	0.001
0.997	0.001	0.001	0.001
0.001	0.997	0.001	0.001
0.878	0.001	0.120	0.001
>GWGSASCG	2-GWGSASCG	5.868960	-10.252027	0	T:34.0(59.65%),B:4481.3(33.10%),P:1e-4	Tpos:87.9,Tstd:53.7,Bpos:98.7,Bstd:61.4,StrandBias:-0.5,Multiplicity:1.71
0.001	0.116	0.882	0.001
0.294	0.212	0.089	0.405
0.001	0.001	0.997	0.001
0.001	0.476	0.522	0.001
0.581	0.304	0.041	0.074
0.001	0.539	0.459	0.001
0.085	0.560	0.045	0.310
0.058	0.194	0.484	0.264
>GATTATCT	3-GATTATCT	9.332467	-10.167474	0	T:4.0(7.02%),B:44.8(0.33%),P:1e-4	Tpos:121.8,Tstd:55.4,Bpos:100.1,Bstd:49.1,StrandBias:1.0,Multiplicity:1.00
0.235	0.001	0.763	0.001
0.997	0.001	0.001	0.001
0.001	0.001	0.001	0.997
0.251	0.001	0.001	0.747
0.997	0.001	0.001	0.001
0.001	0.001	0.001	0.997
0.001	0.997	0.001	0.001
0.001	0.001	0.001	0.997
>GKCCTCAT	4-GKCCTCAT	6.741184	-9.956223	0	T:22.0(38.60%),B:2214.2(16.35%),P:1e-4	Tpos:95.8,Tstd:57.0,Bpos:101.2,Bstd:63.3,StrandBias:-0.4,Multiplicity:1.33
0.001	0.213	0.651	0.135
0.001	0.001	0.540	0.458
0.001	0.752	0.246	0.001
0.001	0.997	0.001	0.001
0.001	0.296	0.041	0.662
0.001	0.997	0.001	0.001
0.699	0.082	0.001	0.218
0.001	0.366	0.029	0.604
>TGTCATKA	5-TGTCATKA	7.688554	-5.853473	0	T:6.0(10.53%),B:336.9(2.49%),P:1e-2	Tpos:99.0,Tstd:56.3,Bpos:101.8,Bstd:58.9,StrandBias:0.4,Multiplicity:1.17
0.001	0.001	0.001	0.997
0.001	0.001	0.997	0.001
0.001	0.001	0.102	0.896
0.001	0.707	0.001	0.291
0.899	0.099	0.001	0.001
0.187	0.001	0.001	0.811
0.001	0.189	0.389	0.420
0.809	0.001	0.001	0.189
