>CTTTCTGCTT	1-CTTTCTGCTT	11.329210	-21.065691	0	T:6.0(15.79%),B:34.0(0.26%),P:1e-9	Tpos:87.8,Tstd:57.0,Bpos:106.1,Bstd:60.5,StrandBias:-1.0,Multiplicity:1.00
0.246	0.752	0.001	0.001
0.001	0.001	0.001	0.997
0.001	0.001	0.001	0.997
0.001	0.001	0.001	0.997
0.001	0.997	0.001	0.001
0.001	0.217	0.001	0.781
0.001	0.001	0.997	0.001
0.001	0.997	0.001	0.001
0.001	0.001	0.001	0.997
0.247	0.138	0.001	0.614
>GTACTMTATA	2-GTACTMTATA	13.140753	-19.454123	0	T:3.0(7.89%),B:1.5(0.01%),P:1e-8	Tpos:98.7,Tstd:63.5,Bpos:193.0,Bstd:0.0,StrandBias:-1.0,Multiplicity:1.00
0.001	0.001	0.997	0.001
0.001	0.001	0.001	0.997
0.997	0.001	0.001	0.001
0.001	0.997	0.001	0.001
0.001	0.001	0.001	0.997
0.499	0.499	0.001	0.001
0.001	0.001	0.001	0.997
0.997	0.001	0.001	0.001
0.001	0.001	0.001	0.997
0.997	0.001	0.001	0.001
>GGCCCGCACG	3-GGCCCGCACG	10.450895	-17.576809	0	T:7.0(18.42%),B:108.6(0.81%),P:1e-7	Tpos:113.5,Tstd:57.2,Bpos:107.3,Bstd:66.3,StrandBias:0.0,Multiplicity:1.14
0.001	0.001	0.997	0.001
0.001	0.001	0.854	0.144
0.001	0.997	0.001	0.001
0.001	0.880	0.001	0.118
0.001	0.997	0.001	0.001
0.001	0.145	0.655	0.199
0.001	0.800	0.001	0.198
0.913	0.001	0.085	0.001
0.001	0.997	0.001	0.001
0.001	0.001	0.997	0.001
>CGCGTCTCCA	4-CGCGTCTCCA	7.782395	-14.542638	0	T:13.0(34.21%),B:876.8(6.58%),P:1e-6	Tpos:77.9,Tstd:30.0,Bpos:102.2,Bstd:66.5,StrandBias:1.5,Multiplicity:1.15
0.001	0.707	0.226	0.066
0.001	0.039	0.959	0.001
0.001	0.698	0.202	0.099
0.071	0.159	0.769	0.001
0.062	0.038	0.105	0.795
0.098	0.900	0.001	0.001
0.066	0.040	0.054	0.840
0.001	0.939	0.059	0.001
0.001	0.743	0.099	0.157
0.664	0.072	0.124	0.140
>CGCCTGCTTA	5-CGCCTGCTTA	10.296193	-5.169514	0	T:1.0(2.63%),B:2.4(0.02%),P:1e-2	Tpos:63.0,Tstd:0.0,Bpos:91.4,Bstd:68.9,StrandBias:-10.0,Multiplicity:1.00
0.100	0.700	0.100	0.100
0.100	0.100	0.700	0.100
0.100	0.700	0.100	0.100
0.100	0.700	0.100	0.100
0.100	0.100	0.100	0.700
0.100	0.100	0.700	0.100
0.100	0.700	0.100	0.100
0.100	0.100	0.100	0.700
0.100	0.100	0.100	0.700
0.700	0.100	0.100	0.100
