>GGCGTATC	1-GGCGTATC	6.140463	-18.838800	0	T:14.0(36.84%),B:735.2(5.52%),P:1e-8	Tpos:86.6,Tstd:58.2,Bpos:100.5,Bstd:68.7,StrandBias:0.0,Multiplicity:1.00
0.001	0.103	0.895	0.001
0.001	0.001	0.997	0.001
0.001	0.997	0.001	0.001
0.001	0.090	0.908	0.001
0.099	0.065	0.001	0.835
0.853	0.035	0.046	0.066
0.001	0.001	0.064	0.934
0.172	0.694	0.001	0.133
>AGACATGT	2-AGACATGT	8.083154	-14.198029	0	T:8.0(21.05%),B:265.0(1.99%),P:1e-6	Tpos:143.8,Tstd:29.9,Bpos:97.5,Bstd:59.3,StrandBias:-1.0,Multiplicity:1.12
0.997	0.001	0.001	0.001
0.099	0.001	0.899	0.001
0.789	0.001	0.112	0.098
0.001	0.997	0.001	0.001
0.774	0.104	0.001	0.121
0.001	0.001	0.001	0.997
0.001	0.001	0.892	0.106
0.119	0.122	0.001	0.758
>ATCTCCCG	3-ATCTCCCG	7.589164	-13.457017	0	T:11.0(28.95%),B:656.9(4.93%),P:1e-5	Tpos:108.2,Tstd:58.0,Bpos:99.7,Bstd:64.7,StrandBias:0.0,Multiplicity:1.09
0.868	0.030	0.045	0.057
0.072	0.049	0.033	0.846
0.001	0.901	0.097	0.001
0.001	0.001	0.081	0.917
0.001	0.997	0.001	0.001
0.150	0.848	0.001	0.001
0.001	0.850	0.070	0.079
0.001	0.080	0.840	0.079
>GTRAWGGC	4-GTRAWGGC	5.599901	-13.198712	0	T:21.0(55.26%),B:2681.1(20.12%),P:1e-5	Tpos:96.7,Tstd:61.3,Bpos:100.8,Bstd:64.5,StrandBias:1.2,Multiplicity:1.35
0.001	0.169	0.572	0.258
0.117	0.004	0.072	0.807
0.395	0.110	0.383	0.112
0.811	0.057	0.005	0.127
0.390	0.001	0.160	0.450
0.001	0.001	0.997	0.001
0.001	0.001	0.997	0.001
0.084	0.512	0.061	0.343
>TTGWGTTC	5-TTGWGTTC	7.584544	-12.328031	0	T:8.0(21.05%),B:340.2(2.55%),P:1e-5	Tpos:126.0,Tstd:63.4,Bpos:97.2,Bstd:72.4,StrandBias:-0.3,Multiplicity:1.12
0.001	0.067	0.063	0.869
0.001	0.001	0.001	0.997
0.001	0.225	0.697	0.077
0.446	0.248	0.001	0.305
0.107	0.001	0.891	0.001
0.001	0.001	0.065	0.933
0.001	0.001	0.371	0.627
0.113	0.650	0.001	0.236
