>CAAGCAGGTG	1-CAAGCAGGTG	10.665950	-20.094749	0	T:7.0(17.07%),B:70.3(0.52%),P:1e-8	Tpos:126.3,Tstd:52.2,Bpos:100.2,Bstd:69.8,StrandBias:0.4,Multiplicity:1.00
0.001	0.997	0.001	0.001
0.782	0.060	0.157	0.001
0.997	0.001	0.001	0.001
0.001	0.001	0.997	0.001
0.001	0.903	0.095	0.001
0.904	0.001	0.001	0.094
0.147	0.001	0.851	0.001
0.001	0.001	0.997	0.001
0.001	0.156	0.001	0.842
0.001	0.128	0.870	0.001
>CTTRGGTGAA	2-CTTRGGTGAA	8.174687	-16.498298	0	T:10.0(24.39%),B:349.2(2.57%),P:1e-7	Tpos:90.7,Tstd:58.0,Bpos:97.6,Bstd:73.9,StrandBias:0.3,Multiplicity:1.10
0.001	0.817	0.181	0.001
0.001	0.104	0.110	0.785
0.001	0.012	0.001	0.986
0.393	0.182	0.425	0.001
0.303	0.001	0.695	0.001
0.001	0.101	0.897	0.001
0.001	0.001	0.001	0.997
0.001	0.181	0.817	0.001
0.485	0.315	0.198	0.001
0.562	0.121	0.316	0.001
>GCGATCGCCC	3-GCGATCGCCC	11.794548	-13.050848	0	T:3.0(7.32%),B:8.9(0.07%),P:1e-5	Tpos:60.8,Tstd:27.5,Bpos:150.8,Bstd:29.0,StrandBias:-1.6,Multiplicity:1.00
0.001	0.001	0.997	0.001
0.001	0.709	0.289	0.001
0.001	0.001	0.997	0.001
0.997	0.001	0.001	0.001
0.001	0.001	0.001	0.997
0.001	0.997	0.001	0.001
0.001	0.001	0.997	0.001
0.001	0.997	0.001	0.001
0.001	0.764	0.234	0.001
0.001	0.778	0.220	0.001
>CAGGCCTGRT	4-CAGGCCTGRT	10.242003	-12.962973	0	T:5.0(12.20%),B:70.7(0.52%),P:1e-5	Tpos:135.2,Tstd:46.4,Bpos:91.3,Bstd:71.8,StrandBias:-1.0,Multiplicity:1.00
0.001	0.997	0.001	0.001
0.997	0.001	0.001	0.001
0.001	0.001	0.997	0.001
0.001	0.028	0.970	0.001
0.001	0.997	0.001	0.001
0.092	0.906	0.001	0.001
0.001	0.001	0.001	0.997
0.001	0.001	0.618	0.380
0.504	0.001	0.494	0.001
0.001	0.001	0.001	0.997
>CTCTCTCTCT	5-CTCTCTCTCT	5.932402	-7.188788	0	T:9.0(21.95%),B:839.0(6.18%),P:1e-3	Tpos:96.7,Tstd:63.7,Bpos:101.7,Bstd:60.6,StrandBias:-0.4,Multiplicity:1.11
0.001	0.711	0.287	0.001
0.001	0.001	0.339	0.659
0.001	0.997	0.001	0.001
0.306	0.001	0.222	0.470
0.001	0.997	0.001	0.001
0.001	0.012	0.229	0.758
0.001	0.997	0.001	0.001
0.001	0.009	0.195	0.795
0.001	0.997	0.001	0.001
0.001	0.001	0.001	0.997
