>CAAGCAGGTG	1-CAAGCAGGTG	10.665950	-20.094749	0	T:7.0(17.07%),B:70.3(0.52%),P:1e-8	Tpos:126.3,Tstd:52.2,Bpos:100.2,Bstd:69.8,StrandBias:0.4,Multiplicity:1.00
0.001	0.997	0.001	0.001
0.782	0.060	0.157	0.001
0.997	0.001	0.001	0.001
0.001	0.001	0.997	0.001
0.001	0.903	0.095	0.001
0.904	0.001	0.001	0.094
0.147	0.001	0.851	0.001
0.001	0.001	0.997	0.001
0.001	0.156	0.001	0.842
0.001	0.128	0.870	0.001
>CTTRGGTGAA	2-CTTRGGTGAA	8.174687	-16.498298	0	T:10.0(24.39%),B:349.2(2.57%),P:1e-7	Tpos:90.7,Tstd:58.0,Bpos:97.6,Bstd:73.9,StrandBias:0.3,Multiplicity:1.10
0.001	0.817	0.181	0.001
0.001	0.104	0.110	0.785
0.001	0.012	0.001	0.986
0.393	0.182	0.425	0.001
0.303	0.001	0.695	0.001
0.001	0.101	0.897	0.001
0.001	0.001	0.001	0.997
0.001	0.181	0.817	0.001
0.485	0.315	0.198	0.001
0.562	0.121	0.316	0.001
>GCGATCGCCC	3-GCGATCGCCC	11.794548	-13.050848	0	T:3.0(7.32%),B:8.9(0.07%),P:1e-5	Tpos:60.8,Tstd:27.5,Bpos:150.8,Bstd:29.0,StrandBias:-1.6,Multiplicity:1.00
0.001	0.001	0.997	0.001
0.001	0.709	0.289	0.001
0.001	0.001	0.997	0.001
0.997	0.001	0.001	0.001
0.001	0.001	0.001	0.997
0.001	0.997	0.001	0.001
0.001	0.001	0.997	0.001
0.001	0.997	0.001	0.001
0.001	0.764	0.234	0.001
0.001	0.778	0.220	0.001
>CAGGCCTGRT	4-CAGGCCTGRT	10.242003	-12.962973	0	T:5.0(12.20%),B:70.7(0.52%),P:1e-5	Tpos:135.2,Tstd:46.4,Bpos:91.3,Bstd:71.8,StrandBias:-1.0,Multiplicity:1.00
0.001	0.997	0.001	0.001
0.997	0.001	0.001	0.001
0.001	0.001	0.997	0.001
0.001	0.028	0.970	0.001
0.001	0.997	0.001	0.001
0.092	0.906	0.001	0.001
0.001	0.001	0.001	0.997
0.001	0.001	0.618	0.380
0.504	0.001	0.494	0.001
0.001	0.001	0.001	0.997
>CTCTCTCTCT	5-CTCTCTCTCT	5.932402	-7.188788	0	T:9.0(21.95%),B:839.0(6.18%),P:1e-3	Tpos:96.7,Tstd:63.7,Bpos:101.7,Bstd:60.6,StrandBias:-0.4,Multiplicity:1.11
0.001	0.711	0.287	0.001
0.001	0.001	0.339	0.659
0.001	0.997	0.001	0.001
0.306	0.001	0.222	0.470
0.001	0.997	0.001	0.001
0.001	0.012	0.229	0.758
0.001	0.997	0.001	0.001
0.001	0.009	0.195	0.795
0.001	0.997	0.001	0.001
0.001	0.001	0.001	0.997
>KGCACCTGCTKG	1-KGCACCTGCTKG	8.619701	-27.523310	0	T:18.0(43.90%),B:741.5(5.46%),P:1e-11	Tpos:126.1,Tstd:49.3,Bpos:99.1,Bstd:67.7,StrandBias:0.7,Multiplicity:1.00
0.001	0.142	0.467	0.390
0.001	0.315	0.683	0.001
0.001	0.604	0.334	0.061
0.787	0.211	0.001	0.001
0.001	0.997	0.001	0.001
0.001	0.790	0.001	0.208
0.122	0.001	0.001	0.876
0.001	0.114	0.607	0.278
0.001	0.719	0.279	0.001
0.001	0.128	0.001	0.870
0.070	0.071	0.485	0.374
0.069	0.284	0.646	0.001
>TAGAGGGAGCGG	2-TAGAGGGAGCGG	14.640156	-19.274476	0	T:3.0(7.32%),B:1.3(0.01%),P:1e-8	Tpos:83.5,Tstd:42.7,Bpos:95.6,Bstd:41.1,StrandBias:1.6,Multiplicity:1.33
0.249	0.001	0.001	0.749
0.749	0.249	0.001	0.001
0.001	0.001	0.997	0.001
0.997	0.001	0.001	0.001
0.001	0.001	0.997	0.001
0.001	0.001	0.997	0.001
0.001	0.001	0.997	0.001
0.997	0.001	0.001	0.001
0.001	0.001	0.997	0.001
0.001	0.749	0.249	0.001
0.001	0.001	0.997	0.001
0.001	0.001	0.997	0.001
>GCWRRCCTCCYA	3-GCWRRCCTCCYA	11.080789	-18.874507	0	T:5.0(12.20%),B:21.1(0.16%),P:1e-8	Tpos:81.8,Tstd:65.5,Bpos:90.1,Bstd:73.0,StrandBias:-0.6,Multiplicity:1.00
0.001	0.001	0.997	0.001
0.001	0.997	0.001	0.001
0.486	0.001	0.001	0.512
0.428	0.001	0.570	0.001
0.487	0.001	0.485	0.028
0.001	0.997	0.001	0.001
0.001	0.997	0.001	0.001
0.001	0.001	0.001	0.997
0.001	0.997	0.001	0.001
0.001	0.997	0.001	0.001
0.028	0.429	0.001	0.542
0.997	0.001	0.001	0.001
>ARGGCCAGGCCW	4-ARGGCCAGGCCW	6.961040	-18.584604	0	T:23.0(56.10%),B:2229.1(16.43%),P:1e-8	Tpos:112.7,Tstd:51.7,Bpos:103.7,Bstd:71.4,StrandBias:0.7,Multiplicity:1.17
0.525	0.138	0.052	0.285
0.487	0.001	0.469	0.043
0.001	0.001	0.997	0.001
0.050	0.001	0.605	0.344
0.001	0.924	0.074	0.001
0.338	0.660	0.001	0.001
0.526	0.001	0.226	0.247
0.001	0.197	0.801	0.001
0.049	0.285	0.665	0.001
0.199	0.459	0.195	0.148
0.142	0.612	0.148	0.098
0.478	0.001	0.001	0.520
>TGTGTCTCTCTC	5-TGTGTCTCTCTC	13.593802	-13.449343	0	T:3.0(7.32%),B:7.4(0.05%),P:1e-5	Tpos:54.2,Tstd:56.2,Bpos:81.6,Bstd:68.6,StrandBias:0.0,Multiplicity:1.00
0.001	0.001	0.001	0.997
0.240	0.014	0.506	0.240
0.001	0.001	0.001	0.997
0.001	0.280	0.718	0.001
0.001	0.239	0.001	0.759
0.001	0.997	0.001	0.001
0.001	0.239	0.001	0.759
0.001	0.997	0.001	0.001
0.001	0.001	0.001	0.997
0.001	0.997	0.001	0.001
0.001	0.001	0.026	0.972
0.001	0.759	0.239	0.001
>CTTGGGTG	1-CTTGGGTG	6.178020	-13.002216	0	T:14.0(34.15%),B:1100.4(8.11%),P:1e-5	Tpos:92.1,Tstd:51.6,Bpos:101.6,Bstd:74.1,StrandBias:0.7,Multiplicity:1.14
0.001	0.997	0.001	0.001
0.001	0.001	0.001	0.997
0.001	0.001	0.001	0.997
0.111	0.119	0.769	0.001
0.084	0.001	0.837	0.078
0.001	0.001	0.997	0.001
0.048	0.086	0.001	0.865
0.001	0.001	0.923	0.075
>GCACCTGC	2-GCACCTGC	8.569460	-12.737899	0	T:10.0(24.39%),B:528.1(3.89%),P:1e-5	Tpos:79.8,Tstd:41.6,Bpos:102.6,Bstd:70.8,StrandBias:1.6,Multiplicity:1.20
0.153	0.079	0.723	0.045
0.001	0.868	0.130	0.001
0.997	0.001	0.001	0.001
0.001	0.997	0.001	0.001
0.001	0.997	0.001	0.001
0.001	0.001	0.053	0.945
0.001	0.001	0.997	0.001
0.082	0.916	0.001	0.001
>TAGATATC	3-TAGATATC	8.767381	-11.076156	0	T:4.0(9.76%),B:49.1(0.36%),P:1e-4	Tpos:78.8,Tstd:47.2,Bpos:103.5,Bstd:76.7,StrandBias:0.6,Multiplicity:1.25
0.158	0.124	0.135	0.583
0.845	0.001	0.001	0.153
0.253	0.001	0.745	0.001
0.997	0.001	0.001	0.001
0.001	0.001	0.001	0.997
0.997	0.001	0.001	0.001
0.001	0.001	0.001	0.997
0.001	0.997	0.001	0.001
>TGCTTGCC	4-TGCTTGCC	6.781796	-10.904723	0	T:17.0(41.46%),B:1922.0(14.16%),P:1e-4	Tpos:109.8,Tstd:57.0,Bpos:101.2,Bstd:68.5,StrandBias:0.0,Multiplicity:1.18
0.098	0.068	0.026	0.808
0.114	0.127	0.758	0.001
0.058	0.940	0.001	0.001
0.001	0.216	0.138	0.645
0.125	0.152	0.224	0.499
0.037	0.106	0.610	0.247
0.001	0.855	0.065	0.079
0.042	0.926	0.001	0.031
>GAGAGAGA	5-GAGAGAGA	3.645378	-6.303362	0	T:11.0(26.83%),B:1357.3(10.00%),P:1e-2	Tpos:77.9,Tstd:60.9,Bpos:100.5,Bstd:68.5,StrandBias:0.2,Multiplicity:1.36
0.110	0.001	0.716	0.173
0.997	0.001	0.001	0.001
0.001	0.001	0.997	0.001
0.997	0.001	0.001	0.001
0.001	0.001	0.997	0.001
0.595	0.121	0.283	0.001
0.001	0.001	0.997	0.001
0.997	0.001	0.001	0.001
