>CTTGGGTG	1-CTTGGGTG	6.178020	-13.002216	0	T:14.0(34.15%),B:1100.4(8.11%),P:1e-5	Tpos:92.1,Tstd:51.6,Bpos:101.6,Bstd:74.1,StrandBias:0.7,Multiplicity:1.14
0.001	0.997	0.001	0.001
0.001	0.001	0.001	0.997
0.001	0.001	0.001	0.997
0.111	0.119	0.769	0.001
0.084	0.001	0.837	0.078
0.001	0.001	0.997	0.001
0.048	0.086	0.001	0.865
0.001	0.001	0.923	0.075
>GCACCTGC	2-GCACCTGC	8.569460	-12.737899	0	T:10.0(24.39%),B:528.1(3.89%),P:1e-5	Tpos:79.8,Tstd:41.6,Bpos:102.6,Bstd:70.8,StrandBias:1.6,Multiplicity:1.20
0.153	0.079	0.723	0.045
0.001	0.868	0.130	0.001
0.997	0.001	0.001	0.001
0.001	0.997	0.001	0.001
0.001	0.997	0.001	0.001
0.001	0.001	0.053	0.945
0.001	0.001	0.997	0.001
0.082	0.916	0.001	0.001
>TAGATATC	3-TAGATATC	8.767381	-11.076156	0	T:4.0(9.76%),B:49.1(0.36%),P:1e-4	Tpos:78.8,Tstd:47.2,Bpos:103.5,Bstd:76.7,StrandBias:0.6,Multiplicity:1.25
0.158	0.124	0.135	0.583
0.845	0.001	0.001	0.153
0.253	0.001	0.745	0.001
0.997	0.001	0.001	0.001
0.001	0.001	0.001	0.997
0.997	0.001	0.001	0.001
0.001	0.001	0.001	0.997
0.001	0.997	0.001	0.001
>TGCTTGCC	4-TGCTTGCC	6.781796	-10.904723	0	T:17.0(41.46%),B:1922.0(14.16%),P:1e-4	Tpos:109.8,Tstd:57.0,Bpos:101.2,Bstd:68.5,StrandBias:0.0,Multiplicity:1.18
0.098	0.068	0.026	0.808
0.114	0.127	0.758	0.001
0.058	0.940	0.001	0.001
0.001	0.216	0.138	0.645
0.125	0.152	0.224	0.499
0.037	0.106	0.610	0.247
0.001	0.855	0.065	0.079
0.042	0.926	0.001	0.031
>GAGAGAGA	5-GAGAGAGA	3.645378	-6.303362	0	T:11.0(26.83%),B:1357.3(10.00%),P:1e-2	Tpos:77.9,Tstd:60.9,Bpos:100.5,Bstd:68.5,StrandBias:0.2,Multiplicity:1.36
0.110	0.001	0.716	0.173
0.997	0.001	0.001	0.001
0.001	0.001	0.997	0.001
0.997	0.001	0.001	0.001
0.001	0.001	0.997	0.001
0.595	0.121	0.283	0.001
0.001	0.001	0.997	0.001
0.997	0.001	0.001	0.001
