>CTTTCTGCTT	1-CTTTCTGCTT	11.329210	-21.065691	0	T:6.0(15.79%),B:34.0(0.26%),P:1e-9	Tpos:87.8,Tstd:57.0,Bpos:106.1,Bstd:60.5,StrandBias:-1.0,Multiplicity:1.00
0.246	0.752	0.001	0.001
0.001	0.001	0.001	0.997
0.001	0.001	0.001	0.997
0.001	0.001	0.001	0.997
0.001	0.997	0.001	0.001
0.001	0.217	0.001	0.781
0.001	0.001	0.997	0.001
0.001	0.997	0.001	0.001
0.001	0.001	0.001	0.997
0.247	0.138	0.001	0.614
>GTACTMTATA	2-GTACTMTATA	13.140753	-19.454123	0	T:3.0(7.89%),B:1.5(0.01%),P:1e-8	Tpos:98.7,Tstd:63.5,Bpos:193.0,Bstd:0.0,StrandBias:-1.0,Multiplicity:1.00
0.001	0.001	0.997	0.001
0.001	0.001	0.001	0.997
0.997	0.001	0.001	0.001
0.001	0.997	0.001	0.001
0.001	0.001	0.001	0.997
0.499	0.499	0.001	0.001
0.001	0.001	0.001	0.997
0.997	0.001	0.001	0.001
0.001	0.001	0.001	0.997
0.997	0.001	0.001	0.001
>GGCCCGCACG	3-GGCCCGCACG	10.450895	-17.576809	0	T:7.0(18.42%),B:108.6(0.81%),P:1e-7	Tpos:113.5,Tstd:57.2,Bpos:107.3,Bstd:66.3,StrandBias:0.0,Multiplicity:1.14
0.001	0.001	0.997	0.001
0.001	0.001	0.854	0.144
0.001	0.997	0.001	0.001
0.001	0.880	0.001	0.118
0.001	0.997	0.001	0.001
0.001	0.145	0.655	0.199
0.001	0.800	0.001	0.198
0.913	0.001	0.085	0.001
0.001	0.997	0.001	0.001
0.001	0.001	0.997	0.001
>CGCGTCTCCA	4-CGCGTCTCCA	7.782395	-14.542638	0	T:13.0(34.21%),B:876.8(6.58%),P:1e-6	Tpos:77.9,Tstd:30.0,Bpos:102.2,Bstd:66.5,StrandBias:1.5,Multiplicity:1.15
0.001	0.707	0.226	0.066
0.001	0.039	0.959	0.001
0.001	0.698	0.202	0.099
0.071	0.159	0.769	0.001
0.062	0.038	0.105	0.795
0.098	0.900	0.001	0.001
0.066	0.040	0.054	0.840
0.001	0.939	0.059	0.001
0.001	0.743	0.099	0.157
0.664	0.072	0.124	0.140
>CGCCTGCTTA	5-CGCCTGCTTA	10.296193	-5.169514	0	T:1.0(2.63%),B:2.4(0.02%),P:1e-2	Tpos:63.0,Tstd:0.0,Bpos:91.4,Bstd:68.9,StrandBias:-10.0,Multiplicity:1.00
0.100	0.700	0.100	0.100
0.100	0.100	0.700	0.100
0.100	0.700	0.100	0.100
0.100	0.700	0.100	0.100
0.100	0.100	0.100	0.700
0.100	0.100	0.700	0.100
0.100	0.700	0.100	0.100
0.100	0.100	0.100	0.700
0.100	0.100	0.100	0.700
0.700	0.100	0.100	0.100
>TCTCTGTKAAWG	1-TCTCTGTKAAWG	10.269609	-22.392246	0	T:4.0(10.53%),B:3.6(0.03%),P:1e-9	Tpos:110.2,Tstd:62.8,Bpos:129.5,Bstd:38.3,StrandBias:0.0,Multiplicity:1.00
0.001	0.001	0.001	0.997
0.001	0.920	0.001	0.078
0.001	0.001	0.001	0.997
0.001	0.997	0.001	0.001
0.001	0.001	0.001	0.997
0.001	0.001	0.997	0.001
0.078	0.001	0.001	0.920
0.001	0.001	0.460	0.538
0.997	0.001	0.001	0.001
0.997	0.001	0.001	0.001
0.538	0.001	0.001	0.460
0.001	0.001	0.997	0.001
>CCWCMGCCTGCC	2-CCWCMGCCTGCC	11.015335	-19.706378	0	T:7.0(18.42%),B:79.7(0.60%),P:1e-8	Tpos:105.1,Tstd:67.2,Bpos:95.5,Bstd:50.4,StrandBias:-0.4,Multiplicity:1.00
0.001	0.590	0.001	0.408
0.001	0.997	0.001	0.001
0.387	0.204	0.011	0.398
0.001	0.997	0.001	0.001
0.386	0.420	0.193	0.001
0.001	0.001	0.997	0.001
0.001	0.806	0.001	0.192
0.386	0.602	0.001	0.011
0.001	0.001	0.001	0.997
0.001	0.001	0.997	0.001
0.192	0.806	0.001	0.001
0.001	0.579	0.001	0.419
>CCGMGCCGACCM	3-CCGMGCCGACCM	12.887479	-14.807252	0	T:5.0(13.16%),B:51.8(0.39%),P:1e-6	Tpos:87.2,Tstd:56.1,Bpos:81.0,Bstd:61.6,StrandBias:2.0,Multiplicity:1.00
0.001	0.651	0.347	0.001
0.001	0.997	0.001	0.001
0.001	0.001	0.997	0.001
0.442	0.556	0.001	0.001
0.001	0.001	0.997	0.001
0.001	0.997	0.001	0.001
0.001	0.997	0.001	0.001
0.001	0.001	0.997	0.001
0.962	0.001	0.036	0.001
0.001	0.629	0.369	0.001
0.001	0.997	0.001	0.001
0.556	0.442	0.001	0.001
>AGGCCTAGGCCA	4-AGGCCTAGGCCA	12.355432	-5.169514	0	T:1.0(2.63%),B:2.2(0.02%),P:1e-2	Tpos:133.0,Tstd:0.0,Bpos:38.0,Bstd:0.0,StrandBias:-10.0,Multiplicity:1.00
0.700	0.100	0.100	0.100
0.100	0.100	0.700	0.100
0.100	0.100	0.700	0.100
0.100	0.700	0.100	0.100
0.100	0.700	0.100	0.100
0.100	0.100	0.100	0.700
0.700	0.100	0.100	0.100
0.100	0.100	0.700	0.100
0.100	0.100	0.700	0.100
0.100	0.700	0.100	0.100
0.100	0.700	0.100	0.100
0.700	0.100	0.100	0.100
>GCCGCGACCCAG	5-GCCGCGACCCAG	12.355432	-5.169514	0	T:1.0(2.63%),B:2.7(0.02%),P:1e-2	Tpos:16.0,Tstd:0.0,Bpos:107.5,Bstd:20.0,StrandBias:-10.0,Multiplicity:1.00
0.100	0.100	0.700	0.100
0.100	0.700	0.100	0.100
0.100	0.700	0.100	0.100
0.100	0.100	0.700	0.100
0.100	0.700	0.100	0.100
0.100	0.100	0.700	0.100
0.700	0.100	0.100	0.100
0.100	0.700	0.100	0.100
0.100	0.700	0.100	0.100
0.100	0.700	0.100	0.100
0.700	0.100	0.100	0.100
0.100	0.100	0.700	0.100
>GGCGTATC	1-GGCGTATC	6.140463	-18.838800	0	T:14.0(36.84%),B:735.2(5.52%),P:1e-8	Tpos:86.6,Tstd:58.2,Bpos:100.5,Bstd:68.7,StrandBias:0.0,Multiplicity:1.00
0.001	0.103	0.895	0.001
0.001	0.001	0.997	0.001
0.001	0.997	0.001	0.001
0.001	0.090	0.908	0.001
0.099	0.065	0.001	0.835
0.853	0.035	0.046	0.066
0.001	0.001	0.064	0.934
0.172	0.694	0.001	0.133
>AGACATGT	2-AGACATGT	8.083154	-14.198029	0	T:8.0(21.05%),B:265.0(1.99%),P:1e-6	Tpos:143.8,Tstd:29.9,Bpos:97.5,Bstd:59.3,StrandBias:-1.0,Multiplicity:1.12
0.997	0.001	0.001	0.001
0.099	0.001	0.899	0.001
0.789	0.001	0.112	0.098
0.001	0.997	0.001	0.001
0.774	0.104	0.001	0.121
0.001	0.001	0.001	0.997
0.001	0.001	0.892	0.106
0.119	0.122	0.001	0.758
>ATCTCCCG	3-ATCTCCCG	7.589164	-13.457017	0	T:11.0(28.95%),B:656.9(4.93%),P:1e-5	Tpos:108.2,Tstd:58.0,Bpos:99.7,Bstd:64.7,StrandBias:0.0,Multiplicity:1.09
0.868	0.030	0.045	0.057
0.072	0.049	0.033	0.846
0.001	0.901	0.097	0.001
0.001	0.001	0.081	0.917
0.001	0.997	0.001	0.001
0.150	0.848	0.001	0.001
0.001	0.850	0.070	0.079
0.001	0.080	0.840	0.079
>GTRAWGGC	4-GTRAWGGC	5.599901	-13.198712	0	T:21.0(55.26%),B:2681.1(20.12%),P:1e-5	Tpos:96.7,Tstd:61.3,Bpos:100.8,Bstd:64.5,StrandBias:1.2,Multiplicity:1.35
0.001	0.169	0.572	0.258
0.117	0.004	0.072	0.807
0.395	0.110	0.383	0.112
0.811	0.057	0.005	0.127
0.390	0.001	0.160	0.450
0.001	0.001	0.997	0.001
0.001	0.001	0.997	0.001
0.084	0.512	0.061	0.343
>TTGWGTTC	5-TTGWGTTC	7.584544	-12.328031	0	T:8.0(21.05%),B:340.2(2.55%),P:1e-5	Tpos:126.0,Tstd:63.4,Bpos:97.2,Bstd:72.4,StrandBias:-0.3,Multiplicity:1.12
0.001	0.067	0.063	0.869
0.001	0.001	0.001	0.997
0.001	0.225	0.697	0.077
0.446	0.248	0.001	0.305
0.107	0.001	0.891	0.001
0.001	0.001	0.065	0.933
0.001	0.001	0.371	0.627
0.113	0.650	0.001	0.236
