>KGCACCTGCTKG	1-KGCACCTGCTKG	8.619701	-27.523310	0	T:18.0(43.90%),B:741.5(5.46%),P:1e-11	Tpos:126.1,Tstd:49.3,Bpos:99.1,Bstd:67.7,StrandBias:0.7,Multiplicity:1.00
0.001	0.142	0.467	0.390
0.001	0.315	0.683	0.001
0.001	0.604	0.334	0.061
0.787	0.211	0.001	0.001
0.001	0.997	0.001	0.001
0.001	0.790	0.001	0.208
0.122	0.001	0.001	0.876
0.001	0.114	0.607	0.278
0.001	0.719	0.279	0.001
0.001	0.128	0.001	0.870
0.070	0.071	0.485	0.374
0.069	0.284	0.646	0.001
>TAGAGGGAGCGG	2-TAGAGGGAGCGG	14.640156	-19.274476	0	T:3.0(7.32%),B:1.3(0.01%),P:1e-8	Tpos:83.5,Tstd:42.7,Bpos:95.6,Bstd:41.1,StrandBias:1.6,Multiplicity:1.33
0.249	0.001	0.001	0.749
0.749	0.249	0.001	0.001
0.001	0.001	0.997	0.001
0.997	0.001	0.001	0.001
0.001	0.001	0.997	0.001
0.001	0.001	0.997	0.001
0.001	0.001	0.997	0.001
0.997	0.001	0.001	0.001
0.001	0.001	0.997	0.001
0.001	0.749	0.249	0.001
0.001	0.001	0.997	0.001
0.001	0.001	0.997	0.001
>GCWRRCCTCCYA	3-GCWRRCCTCCYA	11.080789	-18.874507	0	T:5.0(12.20%),B:21.1(0.16%),P:1e-8	Tpos:81.8,Tstd:65.5,Bpos:90.1,Bstd:73.0,StrandBias:-0.6,Multiplicity:1.00
0.001	0.001	0.997	0.001
0.001	0.997	0.001	0.001
0.486	0.001	0.001	0.512
0.428	0.001	0.570	0.001
0.487	0.001	0.485	0.028
0.001	0.997	0.001	0.001
0.001	0.997	0.001	0.001
0.001	0.001	0.001	0.997
0.001	0.997	0.001	0.001
0.001	0.997	0.001	0.001
0.028	0.429	0.001	0.542
0.997	0.001	0.001	0.001
>ARGGCCAGGCCW	4-ARGGCCAGGCCW	6.961040	-18.584604	0	T:23.0(56.10%),B:2229.1(16.43%),P:1e-8	Tpos:112.7,Tstd:51.7,Bpos:103.7,Bstd:71.4,StrandBias:0.7,Multiplicity:1.17
0.525	0.138	0.052	0.285
0.487	0.001	0.469	0.043
0.001	0.001	0.997	0.001
0.050	0.001	0.605	0.344
0.001	0.924	0.074	0.001
0.338	0.660	0.001	0.001
0.526	0.001	0.226	0.247
0.001	0.197	0.801	0.001
0.049	0.285	0.665	0.001
0.199	0.459	0.195	0.148
0.142	0.612	0.148	0.098
0.478	0.001	0.001	0.520
>TGTGTCTCTCTC	5-TGTGTCTCTCTC	13.593802	-13.449343	0	T:3.0(7.32%),B:7.4(0.05%),P:1e-5	Tpos:54.2,Tstd:56.2,Bpos:81.6,Bstd:68.6,StrandBias:0.0,Multiplicity:1.00
0.001	0.001	0.001	0.997
0.240	0.014	0.506	0.240
0.001	0.001	0.001	0.997
0.001	0.280	0.718	0.001
0.001	0.239	0.001	0.759
0.001	0.997	0.001	0.001
0.001	0.239	0.001	0.759
0.001	0.997	0.001	0.001
0.001	0.001	0.001	0.997
0.001	0.997	0.001	0.001
0.001	0.001	0.026	0.972
0.001	0.759	0.239	0.001
