>GGCAGGAAGTTG	1-GGCAGGAAGTTG	14.903439	-21.741140	0	T:4.0(10.81%),B:13.1(0.03%),P:1e-9	Tpos:131.5,Tstd:46.4,Bpos:96.3,Bstd:79.3,StrandBias:0.0,Multiplicity:1.00
0.001	0.001	0.618	0.380
0.001	0.001	0.997	0.001
0.001	0.997	0.001	0.001
0.997	0.001	0.001	0.001
0.001	0.001	0.997	0.001
0.001	0.001	0.997	0.001
0.997	0.001	0.001	0.001
0.997	0.001	0.001	0.001
0.001	0.001	0.997	0.001
0.001	0.001	0.001	0.997
0.001	0.295	0.001	0.703
0.001	0.001	0.997	0.001
>ACHGTDGTGTTT	2-ACHGTDGTGTTT	11.032760	-20.199005	0	T:6.0(16.22%),B:145.5(0.30%),P:1e-8	Tpos:54.7,Tstd:33.2,Bpos:102.0,Bstd:64.1,StrandBias:-1.0,Multiplicity:1.00
0.997	0.001	0.001	0.001
0.001	0.997	0.001	0.001
0.329	0.340	0.001	0.329
0.340	0.011	0.648	0.001
0.318	0.001	0.001	0.680
0.318	0.001	0.351	0.329
0.001	0.001	0.997	0.001
0.318	0.001	0.001	0.680
0.001	0.001	0.647	0.351
0.001	0.329	0.001	0.669
0.001	0.001	0.001	0.997
0.001	0.001	0.001	0.997
>GGDATAGBTAGC	3-GGDATAGBTAGC	9.381660	-9.942468	0	T:3.0(8.11%),B:89.4(0.19%),P:1e-4	Tpos:99.6,Tstd:50.2,Bpos:97.6,Bstd:65.6,StrandBias:2.0,Multiplicity:1.67
0.001	0.318	0.680	0.001
0.001	0.001	0.997	0.001
0.318	0.001	0.318	0.363
0.680	0.001	0.001	0.318
0.038	0.001	0.001	0.960
0.997	0.001	0.001	0.001
0.001	0.001	0.680	0.318
0.001	0.357	0.318	0.324
0.001	0.318	0.001	0.680
0.997	0.001	0.001	0.001
0.318	0.001	0.680	0.001
0.001	0.997	0.001	0.001
>CTAGTCTAAAGR	4-CTAGTCTAAAGR	6.165510	-9.442206	0	T:11.0(29.73%),B:3708.9(7.77%),P:1e-4	Tpos:77.6,Tstd:61.0,Bpos:99.6,Bstd:60.5,StrandBias:0.7,Multiplicity:1.00
0.141	0.434	0.141	0.283
0.070	0.071	0.001	0.858
0.501	0.212	0.141	0.146
0.217	0.141	0.501	0.141
0.212	0.071	0.071	0.646
0.070	0.788	0.141	0.001
0.070	0.070	0.001	0.859
0.925	0.070	0.001	0.004
0.572	0.141	0.075	0.212
0.712	0.001	0.146	0.141
0.001	0.070	0.859	0.070
0.354	0.141	0.359	0.146
>NNNNNNNNNNNN	5-NNNNNNNNNNNN	-nan	0.000000	0	T:0.0(0.00%),B:0.0(0.00%),P:1e0	Tpos:0.0,Tstd:0.0,Bpos:0.0,Bstd:0.0,StrandBias:0.0,Multiplicity:1.00
-nan	-nan	-nan	-nan
-nan	-nan	-nan	-nan
-nan	-nan	-nan	-nan
-nan	-nan	-nan	-nan
-nan	-nan	-nan	-nan
-nan	-nan	-nan	-nan
-nan	-nan	-nan	-nan
-nan	-nan	-nan	-nan
-nan	-nan	-nan	-nan
-nan	-nan	-nan	-nan
-nan	-nan	-nan	-nan
-nan	-nan	-nan	-nan
