>ACTTCCTG	1-ACTTCCTG	8.102238	-16.330077	0	T:11.0(29.73%),B:1812.2(3.80%),P:1e-7	Tpos:133.1,Tstd:40.7,Bpos:97.7,Bstd:61.9,StrandBias:-0.3,Multiplicity:1.00
0.997	0.001	0.001	0.001
0.001	0.922	0.001	0.076
0.001	0.001	0.165	0.833
0.001	0.001	0.001	0.997
0.108	0.890	0.001	0.001
0.001	0.905	0.001	0.093
0.001	0.001	0.001	0.997
0.001	0.001	0.997	0.001
>TGACGTGT	2-TGACGTGT	7.584732	-15.407415	0	T:10.0(27.03%),B:1550.5(3.25%),P:1e-6	Tpos:70.8,Tstd:34.0,Bpos:101.7,Bstd:61.3,StrandBias:-0.5,Multiplicity:1.20
0.001	0.157	0.001	0.841
0.001	0.001	0.997	0.001
0.874	0.001	0.001	0.124
0.069	0.852	0.001	0.078
0.088	0.066	0.845	0.001
0.155	0.001	0.001	0.843
0.001	0.001	0.997	0.001
0.001	0.131	0.001	0.867
>TCTTATCT	3-TCTTATCT	9.071327	-14.181137	0	T:6.0(16.22%),B:405.6(0.85%),P:1e-6	Tpos:103.0,Tstd:49.9,Bpos:98.2,Bstd:54.6,StrandBias:-1.0,Multiplicity:1.00
0.001	0.001	0.001	0.997
0.001	0.997	0.001	0.001
0.160	0.001	0.001	0.838
0.001	0.001	0.001	0.997
0.997	0.001	0.001	0.001
0.001	0.001	0.001	0.997
0.153	0.845	0.001	0.001
0.001	0.001	0.001	0.997
>TTTATCWA	4-TTTATCWA	6.911673	-12.875663	0	T:10.0(27.03%),B:2050.1(4.30%),P:1e-5	Tpos:103.2,Tstd:57.8,Bpos:98.2,Bstd:60.6,StrandBias:0.3,Multiplicity:1.22
0.001	0.160	0.001	0.838
0.001	0.001	0.159	0.839
0.192	0.001	0.158	0.649
0.855	0.001	0.015	0.129
0.001	0.001	0.127	0.871
0.001	0.859	0.139	0.001
0.349	0.164	0.005	0.482
0.664	0.320	0.015	0.001
>ACCMCCCT	5-ACCMCCCT	9.192280	-12.653145	0	T:8.0(21.62%),B:1199.2(2.51%),P:1e-5	Tpos:88.4,Tstd:58.9,Bpos:100.6,Bstd:64.9,StrandBias:-0.3,Multiplicity:1.12
0.683	0.035	0.281	0.001
0.001	0.997	0.001	0.001
0.001	0.997	0.001	0.001
0.543	0.455	0.001	0.001
0.001	0.997	0.001	0.001
0.001	0.997	0.001	0.001
0.001	0.997	0.001	0.001
0.001	0.001	0.001	0.997
>CTGATTAA	6-CTGATTAA	9.044099	-10.027520	0	T:6.0(16.22%),B:843.5(1.77%),P:1e-4	Tpos:95.8,Tstd:59.9,Bpos:98.8,Bstd:63.4,StrandBias:-0.7,Multiplicity:1.33
0.001	0.997	0.001	0.001
0.001	0.001	0.001	0.997
0.001	0.001	0.997	0.001
0.762	0.001	0.236	0.001
0.001	0.001	0.001	0.997
0.232	0.001	0.001	0.766
0.742	0.001	0.001	0.256
0.997	0.001	0.001	0.001
