>CACCACCCTT	1-CACCACCCTT	11.419542	-20.622184	0	T:6.0(16.22%),B:135.0(0.28%),P:1e-8	Tpos:78.5,Tstd:54.5,Bpos:100.4,Bstd:66.5,StrandBias:0.0,Multiplicity:1.00
0.001	0.666	0.332	0.001
0.997	0.001	0.001	0.001
0.001	0.997	0.001	0.001
0.001	0.997	0.001	0.001
0.740	0.258	0.001	0.001
0.001	0.997	0.001	0.001
0.001	0.997	0.001	0.001
0.001	0.997	0.001	0.001
0.001	0.001	0.001	0.997
0.001	0.180	0.001	0.818
>GCAGGAAGTT	2-GCAGGAAGTT	8.122275	-19.135316	0	T:12.0(32.43%),B:1758.3(3.69%),P:1e-8	Tpos:137.8,Tstd:49.3,Bpos:100.1,Bstd:63.1,StrandBias:-0.7,Multiplicity:1.08
0.001	0.007	0.748	0.244
0.001	0.997	0.001	0.001
0.997	0.001	0.001	0.001
0.272	0.001	0.726	0.001
0.001	0.001	0.997	0.001
0.875	0.001	0.001	0.123
0.627	0.135	0.237	0.001
0.124	0.143	0.732	0.001
0.001	0.001	0.083	0.915
0.124	0.235	0.220	0.421
>TYATCWAAGA	3-TYATCWAAGA	8.059949	-16.628923	0	T:9.0(24.32%),B:1006.5(2.11%),P:1e-7	Tpos:118.7,Tstd:57.1,Bpos:98.3,Bstd:61.8,StrandBias:1.0,Multiplicity:1.00
0.001	0.087	0.001	0.911
0.001	0.392	0.229	0.378
0.584	0.001	0.001	0.414
0.235	0.176	0.001	0.588
0.001	0.997	0.001	0.001
0.408	0.154	0.135	0.303
0.622	0.068	0.142	0.168
0.997	0.001	0.001	0.001
0.001	0.175	0.757	0.067
0.663	0.156	0.180	0.001
>YTTGCWTGAG	4-YTTGCWTGAG	5.752173	-14.738730	0	T:7.0(18.92%),B:607.8(1.27%),P:1e-6	Tpos:122.0,Tstd:44.1,Bpos:99.9,Bstd:60.4,StrandBias:0.7,Multiplicity:1.14
0.001	0.477	0.001	0.521
0.001	0.001	0.001	0.997
0.001	0.001	0.001	0.997
0.001	0.001	0.582	0.416
0.001	0.914	0.084	0.001
0.544	0.001	0.019	0.436
0.001	0.001	0.001	0.997
0.001	0.001	0.997	0.001
0.997	0.001	0.001	0.001
0.001	0.001	0.976	0.022
>GAAACCGGAC	5-GAAACCGGAC	10.296193	-7.162418	0	T:1.0(2.70%),B:0.4(0.00%),P:1e-3	Tpos:147.0,Tstd:0.0,Bpos:20.0,Bstd:0.0,StrandBias:10.0,Multiplicity:1.00
0.100	0.100	0.700	0.100
0.700	0.100	0.100	0.100
0.700	0.100	0.100	0.100
0.700	0.100	0.100	0.100
0.100	0.700	0.100	0.100
0.100	0.700	0.100	0.100
0.100	0.100	0.700	0.100
0.100	0.100	0.700	0.100
0.700	0.100	0.100	0.100
0.100	0.700	0.100	0.100
>GGCAGGAAGTTG	1-GGCAGGAAGTTG	14.903439	-21.741140	0	T:4.0(10.81%),B:13.1(0.03%),P:1e-9	Tpos:131.5,Tstd:46.4,Bpos:96.3,Bstd:79.3,StrandBias:0.0,Multiplicity:1.00
0.001	0.001	0.618	0.380
0.001	0.001	0.997	0.001
0.001	0.997	0.001	0.001
0.997	0.001	0.001	0.001
0.001	0.001	0.997	0.001
0.001	0.001	0.997	0.001
0.997	0.001	0.001	0.001
0.997	0.001	0.001	0.001
0.001	0.001	0.997	0.001
0.001	0.001	0.001	0.997
0.001	0.295	0.001	0.703
0.001	0.001	0.997	0.001
>ACHGTDGTGTTT	2-ACHGTDGTGTTT	11.032760	-20.199005	0	T:6.0(16.22%),B:145.5(0.30%),P:1e-8	Tpos:54.7,Tstd:33.2,Bpos:102.0,Bstd:64.1,StrandBias:-1.0,Multiplicity:1.00
0.997	0.001	0.001	0.001
0.001	0.997	0.001	0.001
0.329	0.340	0.001	0.329
0.340	0.011	0.648	0.001
0.318	0.001	0.001	0.680
0.318	0.001	0.351	0.329
0.001	0.001	0.997	0.001
0.318	0.001	0.001	0.680
0.001	0.001	0.647	0.351
0.001	0.329	0.001	0.669
0.001	0.001	0.001	0.997
0.001	0.001	0.001	0.997
>GGDATAGBTAGC	3-GGDATAGBTAGC	9.381660	-9.942468	0	T:3.0(8.11%),B:89.4(0.19%),P:1e-4	Tpos:99.6,Tstd:50.2,Bpos:97.6,Bstd:65.6,StrandBias:2.0,Multiplicity:1.67
0.001	0.318	0.680	0.001
0.001	0.001	0.997	0.001
0.318	0.001	0.318	0.363
0.680	0.001	0.001	0.318
0.038	0.001	0.001	0.960
0.997	0.001	0.001	0.001
0.001	0.001	0.680	0.318
0.001	0.357	0.318	0.324
0.001	0.318	0.001	0.680
0.997	0.001	0.001	0.001
0.318	0.001	0.680	0.001
0.001	0.997	0.001	0.001
>CTAGTCTAAAGR	4-CTAGTCTAAAGR	6.165510	-9.442206	0	T:11.0(29.73%),B:3708.9(7.77%),P:1e-4	Tpos:77.6,Tstd:61.0,Bpos:99.6,Bstd:60.5,StrandBias:0.7,Multiplicity:1.00
0.141	0.434	0.141	0.283
0.070	0.071	0.001	0.858
0.501	0.212	0.141	0.146
0.217	0.141	0.501	0.141
0.212	0.071	0.071	0.646
0.070	0.788	0.141	0.001
0.070	0.070	0.001	0.859
0.925	0.070	0.001	0.004
0.572	0.141	0.075	0.212
0.712	0.001	0.146	0.141
0.001	0.070	0.859	0.070
0.354	0.141	0.359	0.146
>NNNNNNNNNNNN	5-NNNNNNNNNNNN	-nan	0.000000	0	T:0.0(0.00%),B:0.0(0.00%),P:1e0	Tpos:0.0,Tstd:0.0,Bpos:0.0,Bstd:0.0,StrandBias:0.0,Multiplicity:1.00
-nan	-nan	-nan	-nan
-nan	-nan	-nan	-nan
-nan	-nan	-nan	-nan
-nan	-nan	-nan	-nan
-nan	-nan	-nan	-nan
-nan	-nan	-nan	-nan
-nan	-nan	-nan	-nan
-nan	-nan	-nan	-nan
-nan	-nan	-nan	-nan
-nan	-nan	-nan	-nan
-nan	-nan	-nan	-nan
-nan	-nan	-nan	-nan
>ACTTCCTG	1-ACTTCCTG	8.102238	-16.330077	0	T:11.0(29.73%),B:1812.2(3.80%),P:1e-7	Tpos:133.1,Tstd:40.7,Bpos:97.7,Bstd:61.9,StrandBias:-0.3,Multiplicity:1.00
0.997	0.001	0.001	0.001
0.001	0.922	0.001	0.076
0.001	0.001	0.165	0.833
0.001	0.001	0.001	0.997
0.108	0.890	0.001	0.001
0.001	0.905	0.001	0.093
0.001	0.001	0.001	0.997
0.001	0.001	0.997	0.001
>TGACGTGT	2-TGACGTGT	7.584732	-15.407415	0	T:10.0(27.03%),B:1550.5(3.25%),P:1e-6	Tpos:70.8,Tstd:34.0,Bpos:101.7,Bstd:61.3,StrandBias:-0.5,Multiplicity:1.20
0.001	0.157	0.001	0.841
0.001	0.001	0.997	0.001
0.874	0.001	0.001	0.124
0.069	0.852	0.001	0.078
0.088	0.066	0.845	0.001
0.155	0.001	0.001	0.843
0.001	0.001	0.997	0.001
0.001	0.131	0.001	0.867
>TCTTATCT	3-TCTTATCT	9.071327	-14.181137	0	T:6.0(16.22%),B:405.6(0.85%),P:1e-6	Tpos:103.0,Tstd:49.9,Bpos:98.2,Bstd:54.6,StrandBias:-1.0,Multiplicity:1.00
0.001	0.001	0.001	0.997
0.001	0.997	0.001	0.001
0.160	0.001	0.001	0.838
0.001	0.001	0.001	0.997
0.997	0.001	0.001	0.001
0.001	0.001	0.001	0.997
0.153	0.845	0.001	0.001
0.001	0.001	0.001	0.997
>TTTATCWA	4-TTTATCWA	6.911673	-12.875663	0	T:10.0(27.03%),B:2050.1(4.30%),P:1e-5	Tpos:103.2,Tstd:57.8,Bpos:98.2,Bstd:60.6,StrandBias:0.3,Multiplicity:1.22
0.001	0.160	0.001	0.838
0.001	0.001	0.159	0.839
0.192	0.001	0.158	0.649
0.855	0.001	0.015	0.129
0.001	0.001	0.127	0.871
0.001	0.859	0.139	0.001
0.349	0.164	0.005	0.482
0.664	0.320	0.015	0.001
>ACCMCCCT	5-ACCMCCCT	9.192280	-12.653145	0	T:8.0(21.62%),B:1199.2(2.51%),P:1e-5	Tpos:88.4,Tstd:58.9,Bpos:100.6,Bstd:64.9,StrandBias:-0.3,Multiplicity:1.12
0.683	0.035	0.281	0.001
0.001	0.997	0.001	0.001
0.001	0.997	0.001	0.001
0.543	0.455	0.001	0.001
0.001	0.997	0.001	0.001
0.001	0.997	0.001	0.001
0.001	0.997	0.001	0.001
0.001	0.001	0.001	0.997
>CTGATTAA	6-CTGATTAA	9.044099	-10.027520	0	T:6.0(16.22%),B:843.5(1.77%),P:1e-4	Tpos:95.8,Tstd:59.9,Bpos:98.8,Bstd:63.4,StrandBias:-0.7,Multiplicity:1.33
0.001	0.997	0.001	0.001
0.001	0.001	0.001	0.997
0.001	0.001	0.997	0.001
0.762	0.001	0.236	0.001
0.001	0.001	0.001	0.997
0.232	0.001	0.001	0.766
0.742	0.001	0.001	0.256
0.997	0.001	0.001	0.001
