>CACCACCCTT	1-CACCACCCTT	11.419542	-20.622184	0	T:6.0(16.22%),B:135.0(0.28%),P:1e-8	Tpos:78.5,Tstd:54.5,Bpos:100.4,Bstd:66.5,StrandBias:0.0,Multiplicity:1.00
0.001	0.666	0.332	0.001
0.997	0.001	0.001	0.001
0.001	0.997	0.001	0.001
0.001	0.997	0.001	0.001
0.740	0.258	0.001	0.001
0.001	0.997	0.001	0.001
0.001	0.997	0.001	0.001
0.001	0.997	0.001	0.001
0.001	0.001	0.001	0.997
0.001	0.180	0.001	0.818
>GCAGGAAGTT	2-GCAGGAAGTT	8.122275	-19.135316	0	T:12.0(32.43%),B:1758.3(3.69%),P:1e-8	Tpos:137.8,Tstd:49.3,Bpos:100.1,Bstd:63.1,StrandBias:-0.7,Multiplicity:1.08
0.001	0.007	0.748	0.244
0.001	0.997	0.001	0.001
0.997	0.001	0.001	0.001
0.272	0.001	0.726	0.001
0.001	0.001	0.997	0.001
0.875	0.001	0.001	0.123
0.627	0.135	0.237	0.001
0.124	0.143	0.732	0.001
0.001	0.001	0.083	0.915
0.124	0.235	0.220	0.421
>TYATCWAAGA	3-TYATCWAAGA	8.059949	-16.628923	0	T:9.0(24.32%),B:1006.5(2.11%),P:1e-7	Tpos:118.7,Tstd:57.1,Bpos:98.3,Bstd:61.8,StrandBias:1.0,Multiplicity:1.00
0.001	0.087	0.001	0.911
0.001	0.392	0.229	0.378
0.584	0.001	0.001	0.414
0.235	0.176	0.001	0.588
0.001	0.997	0.001	0.001
0.408	0.154	0.135	0.303
0.622	0.068	0.142	0.168
0.997	0.001	0.001	0.001
0.001	0.175	0.757	0.067
0.663	0.156	0.180	0.001
>YTTGCWTGAG	4-YTTGCWTGAG	5.752173	-14.738730	0	T:7.0(18.92%),B:607.8(1.27%),P:1e-6	Tpos:122.0,Tstd:44.1,Bpos:99.9,Bstd:60.4,StrandBias:0.7,Multiplicity:1.14
0.001	0.477	0.001	0.521
0.001	0.001	0.001	0.997
0.001	0.001	0.001	0.997
0.001	0.001	0.582	0.416
0.001	0.914	0.084	0.001
0.544	0.001	0.019	0.436
0.001	0.001	0.001	0.997
0.001	0.001	0.997	0.001
0.997	0.001	0.001	0.001
0.001	0.001	0.976	0.022
>GAAACCGGAC	5-GAAACCGGAC	10.296193	-7.162418	0	T:1.0(2.70%),B:0.4(0.00%),P:1e-3	Tpos:147.0,Tstd:0.0,Bpos:20.0,Bstd:0.0,StrandBias:10.0,Multiplicity:1.00
0.100	0.100	0.700	0.100
0.700	0.100	0.100	0.100
0.700	0.100	0.100	0.100
0.700	0.100	0.100	0.100
0.100	0.700	0.100	0.100
0.100	0.700	0.100	0.100
0.100	0.100	0.700	0.100
0.100	0.100	0.700	0.100
0.700	0.100	0.100	0.100
0.100	0.700	0.100	0.100
