>AATRTTTACTYA	3-AATRTTTACTYA	8.001186	-31.294934	0	T:29.0(13.94%),B:1148.8(2.36%),P:1e-13
0.632	0.001	0.366	0.001
0.876	0.122	0.001	0.001
0.129	0.122	0.122	0.627
0.503	0.001	0.495	0.001
0.243	0.001	0.001	0.755
0.001	0.001	0.251	0.747
0.122	0.001	0.245	0.632
0.749	0.122	0.122	0.007
0.128	0.870	0.001	0.001
0.001	0.252	0.129	0.618
0.001	0.496	0.122	0.381
0.733	0.014	0.001	0.252
