>GAGTATTGATTG	11-GAGTATTGATTG	7.628607	-19.148843	0	T:21.0(10.10%),B:1027.8(2.11%),P:1e-8
0.098	0.136	0.535	0.231
0.801	0.001	0.068	0.130
0.001	0.033	0.866	0.100
0.067	0.130	0.067	0.736
0.662	0.101	0.069	0.168
0.063	0.034	0.067	0.836
0.063	0.034	0.034	0.869
0.101	0.067	0.702	0.130
0.801	0.034	0.101	0.064
0.067	0.101	0.069	0.763
0.063	0.067	0.101	0.769
0.035	0.136	0.661	0.168
