>CTGATCAAACAA	1-CTGATCAAACAA	7.871381	-35.827372	0	T:35.0(16.83%),B:1478.7(3.04%),P:1e-15
0.210	0.766	0.023	0.001
0.134	0.031	0.001	0.834
0.093	0.155	0.667	0.085
0.940	0.001	0.058	0.001
0.049	0.027	0.297	0.627
0.109	0.622	0.089	0.180
0.937	0.061	0.001	0.001
0.818	0.058	0.123	0.001
0.556	0.085	0.062	0.297
0.058	0.582	0.093	0.267
0.792	0.119	0.001	0.088
0.696	0.217	0.062	0.025
