>AATGTTTACT	1-AATGTTTACT	6.971252	-30.909336	0	T:63.0(22.11%),B:2263.9(7.77%),P:1e-13	Tpos:95.3,Tstd:55.8,Bpos:99.1,Bstd:61.9,StrandBias:-0.4,Multiplicity:1.24
0.879	0.119	0.001	0.001
0.779	0.049	0.035	0.137
0.142	0.086	0.001	0.771
0.162	0.001	0.756	0.081
0.111	0.001	0.001	0.887
0.044	0.066	0.042	0.848
0.204	0.038	0.001	0.757
0.867	0.001	0.109	0.023
0.112	0.758	0.001	0.129
0.039	0.239	0.010	0.712
>YHAGATAARM	2-YHAGATAARM	3.939814	-28.724009	0	T:52.0(18.25%),B:1705.8(5.85%),P:1e-12	Tpos:97.3,Tstd:47.8,Bpos:98.5,Bstd:64.2,StrandBias:-0.0,Multiplicity:1.17
0.263	0.437	0.006	0.294
0.214	0.262	0.183	0.342
0.997	0.001	0.001	0.001
0.001	0.001	0.997	0.001
0.997	0.001	0.001	0.001
0.001	0.001	0.001	0.997
0.997	0.001	0.001	0.001
0.997	0.001	0.001	0.001
0.512	0.001	0.486	0.001
0.436	0.382	0.182	0.001
>ACCTTTGCCC	3-ACCTTTGCCC	9.136209	-26.005720	0	T:21.0(7.37%),B:302.5(1.04%),P:1e-11	Tpos:114.6,Tstd:50.9,Bpos:102.9,Bstd:61.3,StrandBias:0.3,Multiplicity:1.05
0.927	0.001	0.071	0.001
0.090	0.831	0.078	0.001
0.001	0.899	0.001	0.099
0.001	0.001	0.001	0.997
0.001	0.116	0.001	0.882
0.148	0.001	0.123	0.728
0.001	0.001	0.997	0.001
0.064	0.774	0.096	0.066
0.027	0.971	0.001	0.001
0.001	0.997	0.001	0.001
>AGCTAGAGAG	4-AGCTAGAGAG	8.492268	-23.422340	0	T:27.0(9.47%),B:594.3(2.04%),P:1e-10	Tpos:111.4,Tstd:47.0,Bpos:101.8,Bstd:59.3,StrandBias:-0.7,Multiplicity:1.07
0.685	0.001	0.313	0.001
0.324	0.001	0.674	0.001
0.001	0.580	0.118	0.301
0.001	0.001	0.001	0.997
0.997	0.001	0.001	0.001
0.050	0.001	0.948	0.001
0.743	0.091	0.165	0.001
0.001	0.001	0.935	0.063
0.709	0.001	0.237	0.053
0.245	0.001	0.753	0.001
>TGGACTTTGT	5-TGGACTTTGT	8.381720	-23.324925	0	T:21.0(7.37%),B:350.4(1.20%),P:1e-10	Tpos:96.4,Tstd:46.5,Bpos:96.3,Bstd:58.6,StrandBias:-0.7,Multiplicity:1.00
0.001	0.166	0.001	0.832
0.001	0.001	0.943	0.055
0.053	0.001	0.873	0.073
0.896	0.051	0.052	0.001
0.001	0.920	0.001	0.078
0.001	0.001	0.001	0.997
0.103	0.001	0.054	0.842
0.001	0.001	0.001	0.997
0.076	0.089	0.834	0.001
0.050	0.001	0.041	0.908
>TTCTGTTTGV	6-TTCTGTTTGV	8.989830	-22.677423	0	T:31.0(10.88%),B:805.5(2.76%),P:1e-9	Tpos:105.5,Tstd:57.8,Bpos:101.8,Bstd:62.7,StrandBias:0.3,Multiplicity:1.06
0.001	0.006	0.001	0.992
0.001	0.272	0.179	0.548
0.001	0.858	0.062	0.079
0.001	0.001	0.001	0.997
0.124	0.171	0.704	0.001
0.108	0.001	0.001	0.890
0.001	0.075	0.001	0.923
0.001	0.001	0.001	0.997
0.051	0.074	0.870	0.005
0.272	0.405	0.267	0.056
>GATTGATCTG	7-GATTGATCTG	8.568638	-22.481732	0	T:24.0(8.42%),B:488.6(1.68%),P:1e-9	Tpos:109.2,Tstd:47.7,Bpos:104.0,Bstd:58.6,StrandBias:-1.5,Multiplicity:1.00
0.001	0.001	0.578	0.420
0.745	0.001	0.001	0.253
0.001	0.128	0.226	0.645
0.001	0.001	0.001	0.997
0.003	0.003	0.886	0.108
0.997	0.001	0.001	0.001
0.001	0.243	0.131	0.625
0.001	0.594	0.005	0.400
0.001	0.001	0.153	0.845
0.068	0.134	0.797	0.001
>GGGCACACCT	8-GGGCACACCT	10.185326	-21.987200	0	T:13.0(4.56%),B:118.2(0.41%),P:1e-9	Tpos:92.8,Tstd:50.4,Bpos:117.2,Bstd:55.9,StrandBias:0.2,Multiplicity:1.00
0.065	0.001	0.933	0.001
0.096	0.147	0.756	0.001
0.001	0.043	0.887	0.069
0.001	0.997	0.001	0.001
0.903	0.001	0.001	0.095
0.100	0.898	0.001	0.001
0.997	0.001	0.001	0.001
0.001	0.953	0.045	0.001
0.054	0.864	0.001	0.081
0.071	0.054	0.001	0.874
>SCAATCAGGG	9-SCAATCAGGG	8.432866	-20.758495	0	T:22.0(7.72%),B:446.1(1.53%),P:1e-9	Tpos:74.8,Tstd:61.0,Bpos:100.5,Bstd:59.5,StrandBias:0.7,Multiplicity:1.09
0.045	0.347	0.489	0.119
0.128	0.870	0.001	0.001
0.637	0.119	0.001	0.243
0.773	0.027	0.133	0.067
0.231	0.093	0.116	0.560
0.001	0.997	0.001	0.001
0.922	0.001	0.001	0.076
0.057	0.050	0.859	0.034
0.001	0.081	0.898	0.020
0.051	0.248	0.521	0.180
>TGACCAATAA	10-TGACCAATAA	10.116840	-19.649631	0	T:11.0(3.86%),B:92.3(0.32%),P:1e-8	Tpos:111.1,Tstd:68.5,Bpos:107.5,Bstd:61.0,StrandBias:0.3,Multiplicity:1.00
0.001	0.001	0.001	0.997
0.001	0.001	0.940	0.058
0.699	0.299	0.001	0.001
0.001	0.769	0.001	0.229
0.001	0.997	0.001	0.001
0.799	0.001	0.001	0.199
0.997	0.001	0.001	0.001
0.185	0.001	0.078	0.736
0.997	0.001	0.001	0.001
0.810	0.188	0.001	0.001
>TGCCAGCTAG	11-TGCCAGCTAG	11.364940	-19.357304	0	T:8.0(2.81%),B:36.3(0.12%),P:1e-8	Tpos:73.4,Tstd:47.6,Bpos:105.0,Bstd:53.8,StrandBias:-0.3,Multiplicity:1.12
0.001	0.001	0.001	0.997
0.209	0.001	0.674	0.116
0.001	0.997	0.001	0.001
0.001	0.997	0.001	0.001
0.997	0.001	0.001	0.001
0.001	0.001	0.997	0.001
0.001	0.997	0.001	0.001
0.001	0.001	0.001	0.997
0.873	0.125	0.001	0.001
0.001	0.001	0.997	0.001
>CTCTGTTTAT	12-CTCTGTTTAT	6.483632	-18.984706	0	T:95.0(33.33%),B:5514.5(18.93%),P:1e-8	Tpos:117.2,Tstd:55.1,Bpos:102.1,Bstd:63.1,StrandBias:0.0,Multiplicity:1.15
0.102	0.744	0.058	0.096
0.100	0.026	0.038	0.836
0.023	0.802	0.083	0.092
0.072	0.047	0.042	0.839
0.050	0.069	0.786	0.095
0.067	0.086	0.048	0.799
0.081	0.038	0.060	0.821
0.015	0.078	0.052	0.855
0.753	0.065	0.083	0.099
0.069	0.111	0.046	0.774
>CAGKTCACCT	13-CAGKTCACCT	8.854698	-18.687791	0	T:17.0(5.96%),B:292.6(1.00%),P:1e-8	Tpos:92.8,Tstd:44.1,Bpos:93.4,Bstd:58.9,StrandBias:0.7,Multiplicity:1.00
0.195	0.728	0.076	0.001
0.740	0.102	0.042	0.116
0.001	0.231	0.690	0.078
0.064	0.050	0.500	0.386
0.219	0.037	0.033	0.711
0.001	0.858	0.140	0.001
0.759	0.032	0.102	0.107
0.052	0.875	0.031	0.042
0.001	0.858	0.102	0.039
0.001	0.001	0.001	0.997
>CGGAAACGGA	14-CGGAAACGGA	11.138036	-17.431787	0	T:7.0(2.46%),B:30.0(0.10%),P:1e-7	Tpos:105.9,Tstd:55.0,Bpos:101.7,Bstd:61.0,StrandBias:-1.3,Multiplicity:1.00
0.135	0.863	0.001	0.001
0.097	0.001	0.901	0.001
0.001	0.001	0.997	0.001
0.997	0.001	0.001	0.001
0.997	0.001	0.001	0.001
0.997	0.001	0.001	0.001
0.149	0.670	0.180	0.001
0.001	0.001	0.819	0.179
0.001	0.001	0.997	0.001
0.997	0.001	0.001	0.001
>CGACTTCCCT	15-CGACTTCCCT	10.492331	-16.641081	0	T:11.0(3.86%),B:124.2(0.43%),P:1e-7	Tpos:115.7,Tstd:64.5,Bpos:103.5,Bstd:59.3,StrandBias:-0.8,Multiplicity:1.00
0.001	0.820	0.104	0.075
0.101	0.109	0.789	0.001
0.997	0.001	0.001	0.001
0.001	0.997	0.001	0.001
0.001	0.001	0.229	0.769
0.001	0.001	0.001	0.997
0.001	0.997	0.001	0.001
0.001	0.997	0.001	0.001
0.001	0.769	0.229	0.001
0.001	0.001	0.001	0.997
>GTATTTGCTC	16-GTATTTGCTC	10.296193	-13.619109	0	T:3.0(1.05%),B:2.9(0.01%),P:1e-5	Tpos:140.3,Tstd:23.3,Bpos:59.6,Bstd:25.3,StrandBias:10.0,Multiplicity:1.00
0.100	0.100	0.700	0.100
0.100	0.100	0.100	0.700
0.700	0.100	0.100	0.100
0.100	0.100	0.100	0.700
0.100	0.100	0.100	0.700
0.100	0.100	0.100	0.700
0.100	0.100	0.700	0.100
0.100	0.700	0.100	0.100
0.100	0.100	0.100	0.700
0.100	0.700	0.100	0.100
>AATGAAGGAA	17-AATGAAGGAA	10.595006	-11.993363	0	T:9.0(3.16%),B:128.9(0.44%),P:1e-5	Tpos:77.2,Tstd:43.7,Bpos:101.5,Bstd:60.2,StrandBias:-1.2,Multiplicity:1.11
0.876	0.122	0.001	0.001
0.997	0.001	0.001	0.001
0.060	0.001	0.001	0.938
0.001	0.001	0.997	0.001
0.740	0.001	0.119	0.140
0.997	0.001	0.001	0.001
0.001	0.001	0.997	0.001
0.001	0.001	0.997	0.001
0.997	0.001	0.001	0.001
0.997	0.001	0.001	0.001
>TGCCAAGGAG	18-TGCCAAGGAG	10.296193	-11.695419	0	T:5.0(1.75%),B:27.1(0.09%),P:1e-5	Tpos:119.8,Tstd:58.9,Bpos:102.5,Bstd:46.9,StrandBias:-0.6,Multiplicity:1.00
0.100	0.100	0.100	0.700
0.100	0.100	0.700	0.100
0.100	0.700	0.100	0.100
0.100	0.700	0.100	0.100
0.700	0.100	0.100	0.100
0.700	0.100	0.100	0.100
0.100	0.100	0.700	0.100
0.100	0.100	0.700	0.100
0.700	0.100	0.100	0.100
0.100	0.100	0.700	0.100
>GGTAAACTTTGC	1-GGTAAACTTTGC	7.752159	-29.527476	0	T:28.0(9.82%),B:491.5(1.69%),P:1e-12	Tpos:118.4,Tstd:49.5,Bpos:94.9,Bstd:60.6,StrandBias:1.5,Multiplicity:1.07
0.004	0.077	0.766	0.153
0.230	0.077	0.616	0.077
0.001	0.152	0.001	0.846
0.922	0.001	0.001	0.076
0.770	0.153	0.076	0.001
0.766	0.153	0.001	0.080
0.001	0.997	0.001	0.001
0.218	0.001	0.076	0.705
0.001	0.076	0.141	0.782
0.152	0.001	0.001	0.846
0.001	0.001	0.997	0.001
0.003	0.995	0.001	0.001
>AGCAGAGATAAG	2-AGCAGAGATAAG	13.479355	-27.311858	0	T:8.0(2.81%),B:13.3(0.05%),P:1e-11	Tpos:72.0,Tstd:41.1,Bpos:109.9,Bstd:34.6,StrandBias:-1.6,Multiplicity:1.00
0.997	0.001	0.001	0.001
0.001	0.257	0.741	0.001
0.001	0.997	0.001	0.001
0.870	0.001	0.128	0.001
0.128	0.257	0.614	0.001
0.870	0.001	0.128	0.001
0.001	0.001	0.997	0.001
0.997	0.001	0.001	0.001
0.001	0.001	0.001	0.997
0.997	0.001	0.001	0.001
0.997	0.001	0.001	0.001
0.001	0.001	0.870	0.128
>GCACTGTGACGA	3-GCACTGTGACGA	11.274150	-25.995801	0	T:11.0(3.86%),B:50.4(0.17%),P:1e-11	Tpos:88.1,Tstd:53.2,Bpos:99.9,Bstd:62.5,StrandBias:-0.3,Multiplicity:1.00
0.001	0.001	0.997	0.001
0.001	0.870	0.001	0.128
0.997	0.001	0.001	0.001
0.001	0.997	0.001	0.001
0.001	0.001	0.001	0.997
0.001	0.001	0.870	0.128
0.128	0.001	0.001	0.870
0.001	0.128	0.870	0.001
0.643	0.001	0.227	0.129
0.001	0.514	0.258	0.227
0.129	0.009	0.634	0.228
0.762	0.001	0.001	0.236
>GCAAACAAACCC	4-GCAAACAAACCC	11.903113	-25.702485	0	T:12.0(4.21%),B:68.0(0.23%),P:1e-11	Tpos:118.6,Tstd:55.3,Bpos:96.5,Bstd:55.7,StrandBias:0.0,Multiplicity:1.00
0.248	0.001	0.750	0.001
0.001	0.865	0.001	0.133
0.865	0.001	0.001	0.133
0.654	0.001	0.344	0.001
0.997	0.001	0.001	0.001
0.001	0.997	0.001	0.001
0.997	0.001	0.001	0.001
0.657	0.001	0.341	0.001
0.997	0.001	0.001	0.001
0.001	0.635	0.363	0.001
0.001	0.731	0.267	0.001
0.094	0.882	0.023	0.001
>GCAATCAGGGAG	5-GCAATCAGGGAG	12.879472	-25.199511	0	T:8.0(2.81%),B:17.6(0.06%),P:1e-10	Tpos:92.8,Tstd:57.5,Bpos:97.2,Bstd:53.7,StrandBias:0.0,Multiplicity:1.00
0.001	0.001	0.997	0.001
0.001	0.997	0.001	0.001
0.614	0.246	0.001	0.139
0.901	0.001	0.097	0.001
0.097	0.001	0.001	0.901
0.001	0.997	0.001	0.001
0.997	0.001	0.001	0.001
0.001	0.001	0.997	0.001
0.001	0.001	0.997	0.001
0.139	0.139	0.721	0.001
0.997	0.001	0.001	0.001
0.138	0.001	0.860	0.001
>GTTAAACATTTA	6-GTTAAACATTTA	7.999716	-23.849679	0	T:31.0(10.88%),B:767.4(2.63%),P:1e-10	Tpos:97.9,Tstd:56.4,Bpos:100.9,Bstd:61.9,StrandBias:0.0,Multiplicity:1.10
0.125	0.159	0.602	0.114
0.166	0.029	0.070	0.735
0.132	0.115	0.029	0.724
0.816	0.058	0.053	0.073
0.855	0.100	0.001	0.044
0.824	0.044	0.044	0.088
0.097	0.735	0.044	0.124
0.766	0.102	0.029	0.103
0.084	0.044	0.124	0.748
0.094	0.056	0.037	0.813
0.135	0.130	0.053	0.682
0.705	0.069	0.140	0.086
>TAAATTCAACTT	7-TAAATTCAACTT	14.652649	-22.489925	0	T:5.0(1.75%),B:3.7(0.01%),P:1e-9	Tpos:102.8,Tstd:55.2,Bpos:89.9,Bstd:39.2,StrandBias:-0.6,Multiplicity:1.00
0.001	0.259	0.001	0.739
0.997	0.001	0.001	0.001
0.739	0.001	0.001	0.259
0.997	0.001	0.001	0.001
0.001	0.001	0.259	0.739
0.001	0.001	0.001	0.997
0.001	0.997	0.001	0.001
0.997	0.001	0.001	0.001
0.997	0.001	0.001	0.001
0.001	0.997	0.001	0.001
0.001	0.001	0.001	0.997
0.001	0.001	0.001	0.997
>ATCTCCTTGGCA	8-ATCTCCTTGGCA	10.867539	-21.686781	0	T:13.0(4.56%),B:121.5(0.42%),P:1e-9	Tpos:116.0,Tstd:54.7,Bpos:108.6,Bstd:57.1,StrandBias:-0.7,Multiplicity:1.00
0.752	0.001	0.001	0.246
0.001	0.144	0.209	0.646
0.001	0.720	0.137	0.142
0.232	0.001	0.001	0.766
0.001	0.862	0.001	0.136
0.001	0.997	0.001	0.001
0.116	0.096	0.001	0.787
0.001	0.001	0.220	0.778
0.136	0.001	0.862	0.001
0.001	0.001	0.997	0.001
0.001	0.997	0.001	0.001
0.862	0.001	0.001	0.136
>TAGAGGCCCCGT	9-TAGAGGCCCCGT	9.933540	-16.057488	0	T:5.0(1.75%),B:11.3(0.04%),P:1e-6	Tpos:75.6,Tstd:79.2,Bpos:99.3,Bstd:43.8,StrandBias:-0.6,Multiplicity:1.00
0.001	0.001	0.177	0.821
0.954	0.044	0.001	0.001
0.001	0.177	0.821	0.001
0.997	0.001	0.001	0.001
0.001	0.001	0.997	0.001
0.001	0.001	0.997	0.001
0.001	0.997	0.001	0.001
0.001	0.954	0.001	0.044
0.001	0.997	0.001	0.001
0.044	0.954	0.001	0.001
0.001	0.001	0.997	0.001
0.001	0.001	0.001	0.997
>GGCTGCAGGGGA	10-GGCTGCAGGGGA	14.532869	-12.574857	0	T:4.0(1.40%),B:10.9(0.04%),P:1e-5	Tpos:84.7,Tstd:69.8,Bpos:66.6,Bstd:54.7,StrandBias:2.3,Multiplicity:1.50
0.001	0.001	0.997	0.001
0.001	0.001	0.997	0.001
0.001	0.997	0.001	0.001
0.001	0.001	0.001	0.997
0.001	0.001	0.736	0.262
0.001	0.997	0.001	0.001
0.997	0.001	0.001	0.001
0.001	0.001	0.997	0.001
0.001	0.001	0.997	0.001
0.001	0.001	0.997	0.001
0.001	0.171	0.827	0.001
0.997	0.001	0.001	0.001
>AAAAAAAARATT	11-AAAAAAAARATT	12.540007	-10.540614	0	T:13.0(4.56%),B:327.5(1.12%),P:1e-4	Tpos:87.1,Tstd:44.5,Bpos:104.3,Bstd:63.5,StrandBias:0.9,Multiplicity:1.00
0.997	0.001	0.001	0.001
0.997	0.001	0.001	0.001
0.997	0.001	0.001	0.001
0.997	0.001	0.001	0.001
0.997	0.001	0.001	0.001
0.997	0.001	0.001	0.001
0.997	0.001	0.001	0.001
0.901	0.097	0.001	0.001
0.430	0.001	0.568	0.001
0.641	0.001	0.192	0.166
0.207	0.001	0.101	0.691
0.296	0.098	0.075	0.531
>CBTTATCD	1-CBTTATCD	6.753695	-42.372594	0	T:77.0(27.02%),B:2577.2(8.85%),P:1e-18	Tpos:104.5,Tstd:51.7,Bpos:99.2,Bstd:64.2,StrandBias:0.0,Multiplicity:1.17
0.001	0.544	0.306	0.149
0.001	0.279	0.378	0.342
0.001	0.067	0.001	0.931
0.001	0.001	0.138	0.860
0.997	0.001	0.001	0.001
0.084	0.001	0.048	0.867
0.001	0.997	0.001	0.001
0.325	0.001	0.302	0.372
>CGATCAGA	2-CGATCAGA	5.983584	-28.101706	0	T:57.0(20.00%),B:2034.9(6.98%),P:1e-12	Tpos:99.8,Tstd:47.1,Bpos:101.3,Bstd:60.6,StrandBias:-0.3,Multiplicity:1.18
0.186	0.812	0.001	0.001
0.110	0.001	0.888	0.001
0.926	0.001	0.001	0.072
0.001	0.001	0.001	0.997
0.352	0.646	0.001	0.001
0.716	0.126	0.157	0.001
0.001	0.001	0.957	0.041
0.555	0.111	0.172	0.162
>ARTGTTTA	3-ARTGTTTA	5.700818	-27.487353	0	T:117.0(41.05%),B:6500.0(22.31%),P:1e-11	Tpos:103.4,Tstd:53.8,Bpos:101.2,Bstd:62.8,StrandBias:-0.1,Multiplicity:1.30
0.673	0.001	0.001	0.325
0.418	0.241	0.309	0.033
0.106	0.092	0.127	0.675
0.199	0.121	0.674	0.006
0.232	0.001	0.001	0.766
0.105	0.001	0.171	0.723
0.087	0.259	0.001	0.653
0.564	0.001	0.312	0.123
>GTGTGCCC	4-GTGTGCCC	7.070922	-21.880187	0	T:58.0(20.35%),B:2455.0(8.43%),P:1e-9	Tpos:101.0,Tstd:54.3,Bpos:99.8,Bstd:57.1,StrandBias:0.2,Multiplicity:1.10
0.001	0.001	0.824	0.174
0.001	0.001	0.001	0.997
0.001	0.001	0.997	0.001
0.071	0.001	0.093	0.835
0.001	0.066	0.908	0.025
0.028	0.797	0.174	0.001
0.048	0.789	0.094	0.069
0.046	0.935	0.001	0.018
>GGGCAAAG	5-GGGCAAAG	7.671918	-20.757346	0	T:49.0(17.19%),B:1930.4(6.63%),P:1e-9	Tpos:98.5,Tstd:55.3,Bpos:99.8,Bstd:59.9,StrandBias:-0.1,Multiplicity:1.04
0.097	0.001	0.827	0.075
0.001	0.072	0.857	0.070
0.094	0.001	0.793	0.112
0.001	0.997	0.001	0.001
0.997	0.001	0.001	0.001
0.997	0.001	0.001	0.001
0.939	0.059	0.001	0.001
0.001	0.001	0.997	0.001
>TAWTGATC	6-TAWTGATC	8.145664	-18.339605	0	T:27.0(9.47%),B:755.3(2.59%),P:1e-7	Tpos:107.9,Tstd:42.2,Bpos:109.5,Bstd:57.7,StrandBias:-1.0,Multiplicity:1.00
0.095	0.001	0.012	0.892
0.997	0.001	0.001	0.001
0.568	0.001	0.001	0.430
0.127	0.001	0.001	0.871
0.001	0.001	0.997	0.001
0.997	0.001	0.001	0.001
0.074	0.001	0.001	0.924
0.001	0.732	0.095	0.172
