>CBTTATCD	1-CBTTATCD	6.753695	-42.372594	0	T:77.0(27.02%),B:2577.2(8.85%),P:1e-18	Tpos:104.5,Tstd:51.7,Bpos:99.2,Bstd:64.2,StrandBias:0.0,Multiplicity:1.17
0.001	0.544	0.306	0.149
0.001	0.279	0.378	0.342
0.001	0.067	0.001	0.931
0.001	0.001	0.138	0.860
0.997	0.001	0.001	0.001
0.084	0.001	0.048	0.867
0.001	0.997	0.001	0.001
0.325	0.001	0.302	0.372
>CGATCAGA	2-CGATCAGA	5.983584	-28.101706	0	T:57.0(20.00%),B:2034.9(6.98%),P:1e-12	Tpos:99.8,Tstd:47.1,Bpos:101.3,Bstd:60.6,StrandBias:-0.3,Multiplicity:1.18
0.186	0.812	0.001	0.001
0.110	0.001	0.888	0.001
0.926	0.001	0.001	0.072
0.001	0.001	0.001	0.997
0.352	0.646	0.001	0.001
0.716	0.126	0.157	0.001
0.001	0.001	0.957	0.041
0.555	0.111	0.172	0.162
>ARTGTTTA	3-ARTGTTTA	5.700818	-27.487353	0	T:117.0(41.05%),B:6500.0(22.31%),P:1e-11	Tpos:103.4,Tstd:53.8,Bpos:101.2,Bstd:62.8,StrandBias:-0.1,Multiplicity:1.30
0.673	0.001	0.001	0.325
0.418	0.241	0.309	0.033
0.106	0.092	0.127	0.675
0.199	0.121	0.674	0.006
0.232	0.001	0.001	0.766
0.105	0.001	0.171	0.723
0.087	0.259	0.001	0.653
0.564	0.001	0.312	0.123
>GTGTGCCC	4-GTGTGCCC	7.070922	-21.880187	0	T:58.0(20.35%),B:2455.0(8.43%),P:1e-9	Tpos:101.0,Tstd:54.3,Bpos:99.8,Bstd:57.1,StrandBias:0.2,Multiplicity:1.10
0.001	0.001	0.824	0.174
0.001	0.001	0.001	0.997
0.001	0.001	0.997	0.001
0.071	0.001	0.093	0.835
0.001	0.066	0.908	0.025
0.028	0.797	0.174	0.001
0.048	0.789	0.094	0.069
0.046	0.935	0.001	0.018
>GGGCAAAG	5-GGGCAAAG	7.671918	-20.757346	0	T:49.0(17.19%),B:1930.4(6.63%),P:1e-9	Tpos:98.5,Tstd:55.3,Bpos:99.8,Bstd:59.9,StrandBias:-0.1,Multiplicity:1.04
0.097	0.001	0.827	0.075
0.001	0.072	0.857	0.070
0.094	0.001	0.793	0.112
0.001	0.997	0.001	0.001
0.997	0.001	0.001	0.001
0.997	0.001	0.001	0.001
0.939	0.059	0.001	0.001
0.001	0.001	0.997	0.001
>TAWTGATC	6-TAWTGATC	8.145664	-18.339605	0	T:27.0(9.47%),B:755.3(2.59%),P:1e-7	Tpos:107.9,Tstd:42.2,Bpos:109.5,Bstd:57.7,StrandBias:-1.0,Multiplicity:1.00
0.095	0.001	0.012	0.892
0.997	0.001	0.001	0.001
0.568	0.001	0.001	0.430
0.127	0.001	0.001	0.871
0.001	0.001	0.997	0.001
0.997	0.001	0.001	0.001
0.074	0.001	0.001	0.924
0.001	0.732	0.095	0.172
