>GGTAAACTTTGC	1-GGTAAACTTTGC	7.752159	-29.527476	0	T:28.0(9.82%),B:491.5(1.69%),P:1e-12	Tpos:118.4,Tstd:49.5,Bpos:94.9,Bstd:60.6,StrandBias:1.5,Multiplicity:1.07
0.004	0.077	0.766	0.153
0.230	0.077	0.616	0.077
0.001	0.152	0.001	0.846
0.922	0.001	0.001	0.076
0.770	0.153	0.076	0.001
0.766	0.153	0.001	0.080
0.001	0.997	0.001	0.001
0.218	0.001	0.076	0.705
0.001	0.076	0.141	0.782
0.152	0.001	0.001	0.846
0.001	0.001	0.997	0.001
0.003	0.995	0.001	0.001
>AGCAGAGATAAG	2-AGCAGAGATAAG	13.479355	-27.311858	0	T:8.0(2.81%),B:13.3(0.05%),P:1e-11	Tpos:72.0,Tstd:41.1,Bpos:109.9,Bstd:34.6,StrandBias:-1.6,Multiplicity:1.00
0.997	0.001	0.001	0.001
0.001	0.257	0.741	0.001
0.001	0.997	0.001	0.001
0.870	0.001	0.128	0.001
0.128	0.257	0.614	0.001
0.870	0.001	0.128	0.001
0.001	0.001	0.997	0.001
0.997	0.001	0.001	0.001
0.001	0.001	0.001	0.997
0.997	0.001	0.001	0.001
0.997	0.001	0.001	0.001
0.001	0.001	0.870	0.128
>GCACTGTGACGA	3-GCACTGTGACGA	11.274150	-25.995801	0	T:11.0(3.86%),B:50.4(0.17%),P:1e-11	Tpos:88.1,Tstd:53.2,Bpos:99.9,Bstd:62.5,StrandBias:-0.3,Multiplicity:1.00
0.001	0.001	0.997	0.001
0.001	0.870	0.001	0.128
0.997	0.001	0.001	0.001
0.001	0.997	0.001	0.001
0.001	0.001	0.001	0.997
0.001	0.001	0.870	0.128
0.128	0.001	0.001	0.870
0.001	0.128	0.870	0.001
0.643	0.001	0.227	0.129
0.001	0.514	0.258	0.227
0.129	0.009	0.634	0.228
0.762	0.001	0.001	0.236
>GCAAACAAACCC	4-GCAAACAAACCC	11.903113	-25.702485	0	T:12.0(4.21%),B:68.0(0.23%),P:1e-11	Tpos:118.6,Tstd:55.3,Bpos:96.5,Bstd:55.7,StrandBias:0.0,Multiplicity:1.00
0.248	0.001	0.750	0.001
0.001	0.865	0.001	0.133
0.865	0.001	0.001	0.133
0.654	0.001	0.344	0.001
0.997	0.001	0.001	0.001
0.001	0.997	0.001	0.001
0.997	0.001	0.001	0.001
0.657	0.001	0.341	0.001
0.997	0.001	0.001	0.001
0.001	0.635	0.363	0.001
0.001	0.731	0.267	0.001
0.094	0.882	0.023	0.001
>GCAATCAGGGAG	5-GCAATCAGGGAG	12.879472	-25.199511	0	T:8.0(2.81%),B:17.6(0.06%),P:1e-10	Tpos:92.8,Tstd:57.5,Bpos:97.2,Bstd:53.7,StrandBias:0.0,Multiplicity:1.00
0.001	0.001	0.997	0.001
0.001	0.997	0.001	0.001
0.614	0.246	0.001	0.139
0.901	0.001	0.097	0.001
0.097	0.001	0.001	0.901
0.001	0.997	0.001	0.001
0.997	0.001	0.001	0.001
0.001	0.001	0.997	0.001
0.001	0.001	0.997	0.001
0.139	0.139	0.721	0.001
0.997	0.001	0.001	0.001
0.138	0.001	0.860	0.001
>GTTAAACATTTA	6-GTTAAACATTTA	7.999716	-23.849679	0	T:31.0(10.88%),B:767.4(2.63%),P:1e-10	Tpos:97.9,Tstd:56.4,Bpos:100.9,Bstd:61.9,StrandBias:0.0,Multiplicity:1.10
0.125	0.159	0.602	0.114
0.166	0.029	0.070	0.735
0.132	0.115	0.029	0.724
0.816	0.058	0.053	0.073
0.855	0.100	0.001	0.044
0.824	0.044	0.044	0.088
0.097	0.735	0.044	0.124
0.766	0.102	0.029	0.103
0.084	0.044	0.124	0.748
0.094	0.056	0.037	0.813
0.135	0.130	0.053	0.682
0.705	0.069	0.140	0.086
>TAAATTCAACTT	7-TAAATTCAACTT	14.652649	-22.489925	0	T:5.0(1.75%),B:3.7(0.01%),P:1e-9	Tpos:102.8,Tstd:55.2,Bpos:89.9,Bstd:39.2,StrandBias:-0.6,Multiplicity:1.00
0.001	0.259	0.001	0.739
0.997	0.001	0.001	0.001
0.739	0.001	0.001	0.259
0.997	0.001	0.001	0.001
0.001	0.001	0.259	0.739
0.001	0.001	0.001	0.997
0.001	0.997	0.001	0.001
0.997	0.001	0.001	0.001
0.997	0.001	0.001	0.001
0.001	0.997	0.001	0.001
0.001	0.001	0.001	0.997
0.001	0.001	0.001	0.997
>ATCTCCTTGGCA	8-ATCTCCTTGGCA	10.867539	-21.686781	0	T:13.0(4.56%),B:121.5(0.42%),P:1e-9	Tpos:116.0,Tstd:54.7,Bpos:108.6,Bstd:57.1,StrandBias:-0.7,Multiplicity:1.00
0.752	0.001	0.001	0.246
0.001	0.144	0.209	0.646
0.001	0.720	0.137	0.142
0.232	0.001	0.001	0.766
0.001	0.862	0.001	0.136
0.001	0.997	0.001	0.001
0.116	0.096	0.001	0.787
0.001	0.001	0.220	0.778
0.136	0.001	0.862	0.001
0.001	0.001	0.997	0.001
0.001	0.997	0.001	0.001
0.862	0.001	0.001	0.136
>TAGAGGCCCCGT	9-TAGAGGCCCCGT	9.933540	-16.057488	0	T:5.0(1.75%),B:11.3(0.04%),P:1e-6	Tpos:75.6,Tstd:79.2,Bpos:99.3,Bstd:43.8,StrandBias:-0.6,Multiplicity:1.00
0.001	0.001	0.177	0.821
0.954	0.044	0.001	0.001
0.001	0.177	0.821	0.001
0.997	0.001	0.001	0.001
0.001	0.001	0.997	0.001
0.001	0.001	0.997	0.001
0.001	0.997	0.001	0.001
0.001	0.954	0.001	0.044
0.001	0.997	0.001	0.001
0.044	0.954	0.001	0.001
0.001	0.001	0.997	0.001
0.001	0.001	0.001	0.997
>GGCTGCAGGGGA	10-GGCTGCAGGGGA	14.532869	-12.574857	0	T:4.0(1.40%),B:10.9(0.04%),P:1e-5	Tpos:84.7,Tstd:69.8,Bpos:66.6,Bstd:54.7,StrandBias:2.3,Multiplicity:1.50
0.001	0.001	0.997	0.001
0.001	0.001	0.997	0.001
0.001	0.997	0.001	0.001
0.001	0.001	0.001	0.997
0.001	0.001	0.736	0.262
0.001	0.997	0.001	0.001
0.997	0.001	0.001	0.001
0.001	0.001	0.997	0.001
0.001	0.001	0.997	0.001
0.001	0.001	0.997	0.001
0.001	0.171	0.827	0.001
0.997	0.001	0.001	0.001
>AAAAAAAARATT	11-AAAAAAAARATT	12.540007	-10.540614	0	T:13.0(4.56%),B:327.5(1.12%),P:1e-4	Tpos:87.1,Tstd:44.5,Bpos:104.3,Bstd:63.5,StrandBias:0.9,Multiplicity:1.00
0.997	0.001	0.001	0.001
0.997	0.001	0.001	0.001
0.997	0.001	0.001	0.001
0.997	0.001	0.001	0.001
0.997	0.001	0.001	0.001
0.997	0.001	0.001	0.001
0.997	0.001	0.001	0.001
0.901	0.097	0.001	0.001
0.430	0.001	0.568	0.001
0.641	0.001	0.192	0.166
0.207	0.001	0.101	0.691
0.296	0.098	0.075	0.531
