>GTTGGCTCAGBW	4-GTTGGCTCAGBW	8.442569	-20.203052	0	T:15.0(18.52%),B:1190.5(2.51%),P:1e-8
0.074	0.217	0.637	0.072
0.071	0.002	0.001	0.926
0.001	0.001	0.074	0.924
0.071	0.001	0.568	0.360
0.367	0.001	0.561	0.071
0.071	0.927	0.001	0.001
0.281	0.001	0.001	0.717
0.064	0.568	0.221	0.147
0.857	0.001	0.071	0.071
0.071	0.001	0.927	0.001
0.001	0.292	0.279	0.428
0.431	0.072	0.139	0.359
