>GGATGSSCSCKG	1-GGATGSSCSCKG	10.925470	-22.535735	0	T:6.0(15.38%),B:25.3(0.20%),P:1e-9	Tpos:90.5,Tstd:40.5,Bpos:96.9,Bstd:56.9,StrandBias:2.3,Multiplicity:1.00
0.001	0.001	0.997	0.001
0.001	0.025	0.973	0.001
0.944	0.001	0.054	0.001
0.001	0.027	0.047	0.925
0.001	0.054	0.944	0.001
0.001	0.538	0.460	0.001
0.001	0.460	0.538	0.001
0.001	0.997	0.001	0.001
0.001	0.460	0.538	0.001
0.001	0.979	0.019	0.001
0.001	0.001	0.538	0.460
0.001	0.001	0.997	0.001
>RGRGYAACAGGY	2-RGRGYAACAGGY	12.116411	-15.125289	0	T:3.0(7.69%),B:4.1(0.03%),P:1e-6	Tpos:85.3,Tstd:19.9,Bpos:117.6,Bstd:22.8,StrandBias:-1.0,Multiplicity:1.00
0.514	0.001	0.484	0.001
0.001	0.001	0.997	0.001
0.538	0.001	0.460	0.001
0.001	0.001	0.997	0.001
0.001	0.460	0.001	0.538
0.947	0.001	0.051	0.001
0.997	0.001	0.001	0.001
0.001	0.997	0.001	0.001
0.997	0.001	0.001	0.001
0.001	0.001	0.997	0.001
0.001	0.001	0.997	0.001
0.079	0.460	0.001	0.460
>GACTCAGGCCCC	3-GACTCAGGCCCC	9.661605	-14.411411	0	T:4.0(10.26%),B:21.4(0.17%),P:1e-6	Tpos:73.0,Tstd:38.2,Bpos:98.3,Bstd:65.8,StrandBias:0.0,Multiplicity:1.00
0.001	0.001	0.997	0.001
0.853	0.001	0.001	0.145
0.001	0.950	0.001	0.048
0.001	0.001	0.001	0.997
0.001	0.997	0.001	0.001
0.950	0.048	0.001	0.001
0.145	0.001	0.853	0.001
0.001	0.001	0.997	0.001
0.001	0.997	0.001	0.001
0.001	0.997	0.001	0.001
0.001	0.997	0.001	0.001
0.001	0.997	0.001	0.001
>CGCCGSGSCCKG	4-CGCCGSGSCCKG	10.975532	-12.894188	0	T:7.0(17.95%),B:206.0(1.60%),P:1e-5	Tpos:76.3,Tstd:55.1,Bpos:107.7,Bstd:63.0,StrandBias:0.6,Multiplicity:1.43
0.001	0.841	0.157	0.001
0.001	0.306	0.691	0.002
0.001	0.997	0.001	0.001
0.327	0.478	0.194	0.001
0.001	0.141	0.700	0.158
0.194	0.447	0.358	0.001
0.001	0.001	0.869	0.129
0.001	0.441	0.557	0.001
0.001	0.848	0.150	0.001
0.001	0.997	0.001	0.001
0.001	0.001	0.489	0.509
0.001	0.001	0.997	0.001
>GCATCTCCATCC	5-GCATCTCCATCC	15.096400	-10.940267	0	T:2.0(5.13%),B:2.7(0.02%),P:1e-4	Tpos:153.3,Tstd:14.1,Bpos:130.6,Bstd:25.7,StrandBias:1.0,Multiplicity:1.50
0.001	0.332	0.666	0.001
0.001	0.997	0.001	0.001
0.666	0.332	0.001	0.001
0.001	0.001	0.001	0.997
0.001	0.997	0.001	0.001
0.001	0.001	0.001	0.997
0.001	0.997	0.001	0.001
0.001	0.997	0.001	0.001
0.997	0.001	0.001	0.001
0.001	0.001	0.001	0.997
0.001	0.997	0.001	0.001
0.001	0.997	0.001	0.001
