>TGAACGGTGC	1-TGAACGGTGC	11.680407	-19.389929	0	T:4.0(10.26%),B:6.8(0.05%),P:1e-8	Tpos:124.8,Tstd:64.5,Bpos:121.6,Bstd:41.7,StrandBias:1.6,Multiplicity:1.00
0.001	0.001	0.001	0.997
0.001	0.001	0.737	0.261
0.997	0.001	0.001	0.001
0.997	0.001	0.001	0.001
0.001	0.997	0.001	0.001
0.001	0.001	0.786	0.212
0.001	0.001	0.997	0.001
0.001	0.001	0.001	0.997
0.001	0.001	0.737	0.261
0.001	0.997	0.001	0.001
>CCTGTTACTC	2-CCTGTTACTC	11.526460	-12.629488	0	T:4.0(10.26%),B:33.1(0.26%),P:1e-5	Tpos:82.0,Tstd:22.4,Bpos:106.4,Bstd:51.6,StrandBias:-0.6,Multiplicity:1.25
0.001	0.997	0.001	0.001
0.001	0.997	0.001	0.001
0.001	0.001	0.001	0.997
0.001	0.001	0.997	0.001
0.001	0.001	0.001	0.997
0.001	0.192	0.001	0.806
0.785	0.001	0.213	0.001
0.001	0.997	0.001	0.001
0.001	0.343	0.001	0.655
0.001	0.997	0.001	0.001
>GCGCGGTCGC	3-GCGCGGTCGC	11.323192	-12.093770	0	T:5.0(12.82%),B:84.9(0.66%),P:1e-5	Tpos:71.7,Tstd:48.0,Bpos:101.3,Bstd:57.6,StrandBias:0.4,Multiplicity:1.40
0.001	0.001	0.804	0.194
0.001	0.997	0.001	0.001
0.001	0.001	0.822	0.176
0.194	0.804	0.001	0.001
0.001	0.001	0.997	0.001
0.001	0.001	0.997	0.001
0.001	0.089	0.204	0.706
0.001	0.997	0.001	0.001
0.001	0.001	0.997	0.001
0.001	0.997	0.001	0.001
>GGCGCTGGGG	4-GGCGCTGGGG	9.612382	-11.082197	0	T:11.0(28.21%),B:791.5(6.13%),P:1e-4	Tpos:101.8,Tstd:46.6,Bpos:99.8,Bstd:72.4,StrandBias:-1.0,Multiplicity:1.36
0.001	0.003	0.847	0.149
0.001	0.001	0.997	0.001
0.087	0.602	0.310	0.001
0.261	0.089	0.536	0.114
0.001	0.565	0.116	0.318
0.130	0.001	0.174	0.695
0.001	0.001	0.997	0.001
0.001	0.004	0.994	0.001
0.001	0.001	0.997	0.001
0.001	0.041	0.957	0.001
>TCBTCGTCGT	5-TCBTCGTCGT	9.827280	-6.012405	0	T:2.0(5.13%),B:24.4(0.19%),P:1e-2	Tpos:25.0,Tstd:4.5,Bpos:104.3,Bstd:40.9,StrandBias:10.0,Multiplicity:1.00
0.001	0.001	0.001	0.997
0.001	0.671	0.001	0.327
0.001	0.327	0.367	0.304
0.001	0.001	0.001	0.997
0.001	0.997	0.001	0.001
0.001	0.001	0.655	0.343
0.001	0.001	0.001	0.997
0.001	0.997	0.001	0.001
0.001	0.013	0.698	0.288
0.001	0.001	0.327	0.671
>GGATGSSCSCKG	1-GGATGSSCSCKG	10.925470	-22.535735	0	T:6.0(15.38%),B:25.3(0.20%),P:1e-9	Tpos:90.5,Tstd:40.5,Bpos:96.9,Bstd:56.9,StrandBias:2.3,Multiplicity:1.00
0.001	0.001	0.997	0.001
0.001	0.025	0.973	0.001
0.944	0.001	0.054	0.001
0.001	0.027	0.047	0.925
0.001	0.054	0.944	0.001
0.001	0.538	0.460	0.001
0.001	0.460	0.538	0.001
0.001	0.997	0.001	0.001
0.001	0.460	0.538	0.001
0.001	0.979	0.019	0.001
0.001	0.001	0.538	0.460
0.001	0.001	0.997	0.001
>RGRGYAACAGGY	2-RGRGYAACAGGY	12.116411	-15.125289	0	T:3.0(7.69%),B:4.1(0.03%),P:1e-6	Tpos:85.3,Tstd:19.9,Bpos:117.6,Bstd:22.8,StrandBias:-1.0,Multiplicity:1.00
0.514	0.001	0.484	0.001
0.001	0.001	0.997	0.001
0.538	0.001	0.460	0.001
0.001	0.001	0.997	0.001
0.001	0.460	0.001	0.538
0.947	0.001	0.051	0.001
0.997	0.001	0.001	0.001
0.001	0.997	0.001	0.001
0.997	0.001	0.001	0.001
0.001	0.001	0.997	0.001
0.001	0.001	0.997	0.001
0.079	0.460	0.001	0.460
>GACTCAGGCCCC	3-GACTCAGGCCCC	9.661605	-14.411411	0	T:4.0(10.26%),B:21.4(0.17%),P:1e-6	Tpos:73.0,Tstd:38.2,Bpos:98.3,Bstd:65.8,StrandBias:0.0,Multiplicity:1.00
0.001	0.001	0.997	0.001
0.853	0.001	0.001	0.145
0.001	0.950	0.001	0.048
0.001	0.001	0.001	0.997
0.001	0.997	0.001	0.001
0.950	0.048	0.001	0.001
0.145	0.001	0.853	0.001
0.001	0.001	0.997	0.001
0.001	0.997	0.001	0.001
0.001	0.997	0.001	0.001
0.001	0.997	0.001	0.001
0.001	0.997	0.001	0.001
>CGCCGSGSCCKG	4-CGCCGSGSCCKG	10.975532	-12.894188	0	T:7.0(17.95%),B:206.0(1.60%),P:1e-5	Tpos:76.3,Tstd:55.1,Bpos:107.7,Bstd:63.0,StrandBias:0.6,Multiplicity:1.43
0.001	0.841	0.157	0.001
0.001	0.306	0.691	0.002
0.001	0.997	0.001	0.001
0.327	0.478	0.194	0.001
0.001	0.141	0.700	0.158
0.194	0.447	0.358	0.001
0.001	0.001	0.869	0.129
0.001	0.441	0.557	0.001
0.001	0.848	0.150	0.001
0.001	0.997	0.001	0.001
0.001	0.001	0.489	0.509
0.001	0.001	0.997	0.001
>GCATCTCCATCC	5-GCATCTCCATCC	15.096400	-10.940267	0	T:2.0(5.13%),B:2.7(0.02%),P:1e-4	Tpos:153.3,Tstd:14.1,Bpos:130.6,Bstd:25.7,StrandBias:1.0,Multiplicity:1.50
0.001	0.332	0.666	0.001
0.001	0.997	0.001	0.001
0.666	0.332	0.001	0.001
0.001	0.001	0.001	0.997
0.001	0.997	0.001	0.001
0.001	0.001	0.001	0.997
0.001	0.997	0.001	0.001
0.001	0.997	0.001	0.001
0.997	0.001	0.001	0.001
0.001	0.001	0.001	0.997
0.001	0.997	0.001	0.001
0.001	0.997	0.001	0.001
>TACAGAGT	1-TACAGAGT	7.362774	-14.351229	0	T:11.0(28.21%),B:563.4(4.37%),P:1e-6	Tpos:115.8,Tstd:59.5,Bpos:100.4,Bstd:64.8,StrandBias:0.0,Multiplicity:1.09
0.268	0.001	0.001	0.730
0.754	0.001	0.218	0.027
0.001	0.627	0.371	0.001
0.619	0.001	0.001	0.379
0.001	0.001	0.997	0.001
0.997	0.001	0.001	0.001
0.001	0.344	0.654	0.001
0.001	0.399	0.001	0.599
>ACAACTTG	2-ACAACTTG	8.001298	-11.694412	0	T:6.0(15.38%),B:160.3(1.24%),P:1e-5	Tpos:112.9,Tstd:51.4,Bpos:99.2,Bstd:65.7,StrandBias:0.7,Multiplicity:1.17
0.812	0.079	0.108	0.001
0.001	0.921	0.077	0.001
0.833	0.001	0.001	0.165
0.921	0.001	0.077	0.001
0.001	0.888	0.110	0.001
0.001	0.001	0.001	0.997
0.139	0.134	0.001	0.726
0.001	0.001	0.997	0.001
>AGGGCGAC	3-AGGGCGAC	8.338109	-11.473671	0	T:8.0(20.51%),B:360.4(2.79%),P:1e-4	Tpos:96.7,Tstd:43.9,Bpos:101.8,Bstd:61.0,StrandBias:0.3,Multiplicity:1.12
0.997	0.001	0.001	0.001
0.208	0.001	0.790	0.001
0.001	0.001	0.997	0.001
0.232	0.001	0.766	0.001
0.001	0.997	0.001	0.001
0.001	0.107	0.891	0.001
0.997	0.001	0.001	0.001
0.001	0.997	0.001	0.001
>TTTCTCCC	4-TTTCTCCC	6.131042	-9.352335	0	T:17.0(43.59%),B:2183.3(16.92%),P:1e-4	Tpos:87.7,Tstd:57.5,Bpos:102.3,Bstd:69.7,StrandBias:0.3,Multiplicity:1.41
0.001	0.020	0.001	0.978
0.084	0.021	0.001	0.894
0.101	0.054	0.001	0.844
0.087	0.869	0.001	0.043
0.075	0.085	0.089	0.751
0.001	0.907	0.051	0.041
0.076	0.788	0.089	0.047
0.001	0.997	0.001	0.001
>CGCGCGCG	5-CGCGCGCG	7.879285	-5.107393	0	T:7.0(17.95%),B:737.4(5.71%),P:1e-2	Tpos:141.6,Tstd:49.4,Bpos:101.0,Bstd:59.4,StrandBias:0.3,Multiplicity:1.00
0.001	0.898	0.099	0.002
0.152	0.100	0.747	0.001
0.001	0.935	0.063	0.001
0.056	0.030	0.913	0.001
0.103	0.655	0.151	0.091
0.071	0.220	0.609	0.100
0.040	0.661	0.298	0.001
0.267	0.061	0.671	0.001
