>TACAGAGT	1-TACAGAGT	7.362774	-14.351229	0	T:11.0(28.21%),B:563.4(4.37%),P:1e-6	Tpos:115.8,Tstd:59.5,Bpos:100.4,Bstd:64.8,StrandBias:0.0,Multiplicity:1.09
0.268	0.001	0.001	0.730
0.754	0.001	0.218	0.027
0.001	0.627	0.371	0.001
0.619	0.001	0.001	0.379
0.001	0.001	0.997	0.001
0.997	0.001	0.001	0.001
0.001	0.344	0.654	0.001
0.001	0.399	0.001	0.599
>ACAACTTG	2-ACAACTTG	8.001298	-11.694412	0	T:6.0(15.38%),B:160.3(1.24%),P:1e-5	Tpos:112.9,Tstd:51.4,Bpos:99.2,Bstd:65.7,StrandBias:0.7,Multiplicity:1.17
0.812	0.079	0.108	0.001
0.001	0.921	0.077	0.001
0.833	0.001	0.001	0.165
0.921	0.001	0.077	0.001
0.001	0.888	0.110	0.001
0.001	0.001	0.001	0.997
0.139	0.134	0.001	0.726
0.001	0.001	0.997	0.001
>AGGGCGAC	3-AGGGCGAC	8.338109	-11.473671	0	T:8.0(20.51%),B:360.4(2.79%),P:1e-4	Tpos:96.7,Tstd:43.9,Bpos:101.8,Bstd:61.0,StrandBias:0.3,Multiplicity:1.12
0.997	0.001	0.001	0.001
0.208	0.001	0.790	0.001
0.001	0.001	0.997	0.001
0.232	0.001	0.766	0.001
0.001	0.997	0.001	0.001
0.001	0.107	0.891	0.001
0.997	0.001	0.001	0.001
0.001	0.997	0.001	0.001
>TTTCTCCC	4-TTTCTCCC	6.131042	-9.352335	0	T:17.0(43.59%),B:2183.3(16.92%),P:1e-4	Tpos:87.7,Tstd:57.5,Bpos:102.3,Bstd:69.7,StrandBias:0.3,Multiplicity:1.41
0.001	0.020	0.001	0.978
0.084	0.021	0.001	0.894
0.101	0.054	0.001	0.844
0.087	0.869	0.001	0.043
0.075	0.085	0.089	0.751
0.001	0.907	0.051	0.041
0.076	0.788	0.089	0.047
0.001	0.997	0.001	0.001
>CGCGCGCG	5-CGCGCGCG	7.879285	-5.107393	0	T:7.0(17.95%),B:737.4(5.71%),P:1e-2	Tpos:141.6,Tstd:49.4,Bpos:101.0,Bstd:59.4,StrandBias:0.3,Multiplicity:1.00
0.001	0.898	0.099	0.002
0.152	0.100	0.747	0.001
0.001	0.935	0.063	0.001
0.056	0.030	0.913	0.001
0.103	0.655	0.151	0.091
0.071	0.220	0.609	0.100
0.040	0.661	0.298	0.001
0.267	0.061	0.671	0.001
