>AGMAWGTTDTAG	5-CTAHAACWTKCT	7.788979	-12.392540	0	T:11.0(16.18%),B:1404.5(2.91%),P:1e-5
0.891	0.001	0.057	0.051
0.059	0.001	0.822	0.118
0.452	0.438	0.109	0.001
0.837	0.004	0.057	0.102
0.505	0.001	0.048	0.446
0.176	0.001	0.822	0.001
0.001	0.167	0.057	0.775
0.001	0.057	0.207	0.735
0.279	0.057	0.318	0.346
0.057	0.275	0.110	0.558
0.501	0.001	0.342	0.156
0.051	0.229	0.492	0.227
