>AAGGCCTTCCCC	4-AAGGCCTTCCCC	7.584460	-15.448122	0	T:17.0(25.00%),B:2757.0(5.71%),P:1e-6
0.642	0.229	0.001	0.128
0.789	0.001	0.001	0.209
0.168	0.001	0.830	0.001
0.001	0.203	0.726	0.070
0.001	0.877	0.052	0.070
0.191	0.688	0.070	0.051
0.070	0.089	0.001	0.840
0.070	0.128	0.053	0.749
0.001	0.607	0.149	0.243
0.001	0.850	0.079	0.070
0.140	0.789	0.070	0.001
0.140	0.619	0.070	0.171
