>CTAHAACWTKCT	5-CTAHAACWTKCT,BestGuess:ELF3/MA0640.2/Jaspar(0.660)	7.788979	-12.392540	0	T:11.0(16.18%),B:1404.5(2.91%),P:1e-5
0.227	0.492	0.229	0.051
0.156	0.342	0.001	0.501
0.558	0.110	0.275	0.057
0.346	0.318	0.057	0.279
0.735	0.207	0.057	0.001
0.775	0.057	0.167	0.001
0.001	0.822	0.001	0.176
0.446	0.048	0.001	0.505
0.102	0.057	0.004	0.837
0.001	0.109	0.438	0.452
0.118	0.822	0.001	0.059
0.051	0.057	0.001	0.891
