>TTAGTTACCAAG	1-TTAGTTACCAAG	10.874799	-15.408245	0	T:4.0(10.53%),B:59.8(0.13%),P:1e-6	Tpos:96.0,Tstd:40.2,Bpos:109.9,Bstd:59.5,StrandBias:1.6,Multiplicity:1.00
0.001	0.001	0.317	0.681
0.001	0.001	0.317	0.681
0.997	0.001	0.001	0.001
0.317	0.001	0.681	0.001
0.317	0.001	0.001	0.681
0.001	0.001	0.001	0.997
0.681	0.001	0.001	0.317
0.317	0.681	0.001	0.001
0.001	0.997	0.001	0.001
0.681	0.001	0.317	0.001
0.681	0.001	0.317	0.001
0.001	0.317	0.681	0.001
>TCHCTGTGAATG	2-TCHCTGTGAATG	8.552727	-12.348926	0	T:5.0(13.16%),B:288.2(0.63%),P:1e-5	Tpos:140.8,Tstd:42.1,Bpos:101.1,Bstd:59.9,StrandBias:0.0,Multiplicity:1.20
0.001	0.001	0.339	0.659
0.339	0.659	0.001	0.001
0.306	0.339	0.001	0.354
0.001	0.997	0.001	0.001
0.001	0.001	0.001	0.997
0.001	0.001	0.997	0.001
0.001	0.305	0.001	0.693
0.306	0.001	0.676	0.017
0.693	0.305	0.001	0.001
0.693	0.001	0.305	0.001
0.013	0.001	0.001	0.985
0.001	0.001	0.693	0.305
>CCTGTGGGCCCT	3-CCTGTGGGCCCT	9.276178	-11.112571	0	T:7.0(18.42%),B:976.3(2.15%),P:1e-4	Tpos:105.2,Tstd:60.5,Bpos:102.1,Bstd:68.7,StrandBias:0.7,Multiplicity:1.14
0.001	0.997	0.001	0.001
0.001	0.827	0.162	0.010
0.011	0.163	0.163	0.663
0.001	0.325	0.673	0.001
0.325	0.001	0.001	0.673
0.001	0.162	0.836	0.001
0.001	0.325	0.664	0.010
0.162	0.001	0.836	0.001
0.325	0.664	0.001	0.010
0.001	0.836	0.162	0.001
0.001	0.836	0.001	0.162
0.325	0.162	0.001	0.512
>GGCTCGGCGCGG	4-GGCTCGGCGCGG	11.356697	-10.132411	0	T:5.0(13.16%),B:458.4(1.01%),P:1e-4	Tpos:56.9,Tstd:26.5,Bpos:100.2,Bstd:81.8,StrandBias:-1.3,Multiplicity:1.20
0.055	0.001	0.691	0.253
0.001	0.001	0.997	0.001
0.001	0.626	0.372	0.001
0.001	0.400	0.001	0.598
0.001	0.625	0.235	0.139
0.066	0.001	0.717	0.216
0.001	0.148	0.850	0.001
0.001	0.874	0.124	0.001
0.001	0.135	0.550	0.314
0.080	0.550	0.294	0.076
0.001	0.001	0.987	0.011
0.001	0.011	0.987	0.001
>GCCGGCGGACGA	5-GCCGGCGGACGA	12.355432	-7.085913	0	T:1.0(2.63%),B:0.0(0.00%),P:1e-3	Tpos:8.0,Tstd:0.0,Bpos:0.0,Bstd:0.0,StrandBias:10.0,Multiplicity:1.00
0.100	0.100	0.700	0.100
0.100	0.700	0.100	0.100
0.100	0.700	0.100	0.100
0.100	0.100	0.700	0.100
0.100	0.100	0.700	0.100
0.100	0.700	0.100	0.100
0.100	0.100	0.700	0.100
0.100	0.100	0.700	0.100
0.700	0.100	0.100	0.100
0.100	0.700	0.100	0.100
0.100	0.100	0.700	0.100
0.700	0.100	0.100	0.100
