>GGCGTATC	1-GGCGTATC	6.063504	-20.306438	0	T:14.0(36.84%),B:2232.3(4.92%),P:1e-8	Tpos:86.6,Tstd:58.2,Bpos:93.9,Bstd:74.9,StrandBias:0.0,Multiplicity:1.00
0.001	0.118	0.880	0.001
0.001	0.001	0.997	0.001
0.001	0.997	0.001	0.001
0.001	0.099	0.899	0.001
0.096	0.059	0.001	0.844
0.852	0.036	0.046	0.066
0.001	0.001	0.074	0.924
0.157	0.728	0.001	0.114
>TTCCGGAT	2-TTCCGGAT	6.263161	-19.326075	0	T:15.0(39.47%),B:2876.4(6.34%),P:1e-8	Tpos:112.9,Tstd:54.2,Bpos:99.5,Bstd:73.5,StrandBias:-0.2,Multiplicity:1.27
0.001	0.076	0.001	0.922
0.001	0.074	0.001	0.924
0.001	0.997	0.001	0.001
0.001	0.811	0.108	0.080
0.001	0.001	0.997	0.001
0.001	0.118	0.725	0.156
0.869	0.129	0.001	0.001
0.001	0.085	0.060	0.854
>CTGACTTA	3-CTGACTTA	7.535754	-17.794362	0	T:11.0(28.95%),B:1447.8(3.19%),P:1e-7	Tpos:105.9,Tstd:66.4,Bpos:99.9,Bstd:70.1,StrandBias:-0.3,Multiplicity:1.00
0.001	0.878	0.001	0.120
0.001	0.001	0.139	0.859
0.001	0.089	0.800	0.110
0.920	0.078	0.001	0.001
0.001	0.902	0.096	0.001
0.001	0.001	0.117	0.881
0.001	0.072	0.001	0.926
0.928	0.001	0.001	0.070
>GMACDSAA	4-GMACDSAA	7.730465	-12.522292	0	T:9.0(23.68%),B:1524.0(3.36%),P:1e-5	Tpos:110.4,Tstd:66.6,Bpos:100.0,Bstd:67.0,StrandBias:0.8,Multiplicity:1.22
0.388	0.001	0.610	0.001
0.535	0.463	0.001	0.001
0.997	0.001	0.001	0.001
0.001	0.997	0.001	0.001
0.329	0.001	0.266	0.404
0.210	0.468	0.321	0.001
0.997	0.001	0.001	0.001
0.997	0.001	0.001	0.001
>AVCACRTG	5-AVCACRTG	6.504224	-12.439518	0	T:14.0(36.84%),B:4217.1(9.29%),P:1e-5	Tpos:104.5,Tstd:56.5,Bpos:98.2,Bstd:72.8,StrandBias:0.1,Multiplicity:1.08
0.560	0.147	0.162	0.131
0.358	0.250	0.306	0.086
0.001	0.997	0.001	0.001
0.706	0.146	0.001	0.147
0.016	0.982	0.001	0.001
0.442	0.001	0.556	0.001
0.001	0.323	0.001	0.675
0.001	0.001	0.997	0.001
