>AACGGACCTT	1-AACGGACCTT	10.296193	-7.085913	0	T:1.0(2.63%),B:1.0(0.00%),P:1e-3	Tpos:74.0,Tstd:0.0,Bpos:107.5,Bstd:15.0,StrandBias:10.0,Multiplicity:1.00
0.700	0.100	0.100	0.100
0.700	0.100	0.100	0.100
0.100	0.700	0.100	0.100
0.100	0.100	0.700	0.100
0.100	0.100	0.700	0.100
0.700	0.100	0.100	0.100
0.100	0.700	0.100	0.100
0.100	0.700	0.100	0.100
0.100	0.100	0.100	0.700
0.100	0.100	0.100	0.700
>CGTCTCTATA	2-CGTCTCTATA	10.296193	-7.085913	0	T:1.0(2.63%),B:1.0(0.00%),P:1e-3	Tpos:125.0,Tstd:0.0,Bpos:99.0,Bstd:24.0,StrandBias:10.0,Multiplicity:1.00
0.100	0.700	0.100	0.100
0.100	0.100	0.700	0.100
0.100	0.100	0.100	0.700
0.100	0.700	0.100	0.100
0.100	0.100	0.100	0.700
0.100	0.700	0.100	0.100
0.100	0.100	0.100	0.700
0.700	0.100	0.100	0.100
0.100	0.100	0.100	0.700
0.700	0.100	0.100	0.100
>GGAACACAAT	3-GGAACACAAT	10.296193	-7.085913	0	T:1.0(2.63%),B:1.5(0.00%),P:1e-3	Tpos:25.0,Tstd:0.0,Bpos:92.0,Bstd:49.0,StrandBias:10.0,Multiplicity:1.00
0.100	0.100	0.700	0.100
0.100	0.100	0.700	0.100
0.700	0.100	0.100	0.100
0.700	0.100	0.100	0.100
0.100	0.700	0.100	0.100
0.700	0.100	0.100	0.100
0.100	0.700	0.100	0.100
0.700	0.100	0.100	0.100
0.700	0.100	0.100	0.100
0.100	0.100	0.100	0.700
>CCTTTAGTTA	4-CCTTTAGTTA	10.296193	-6.393173	0	T:1.0(2.63%),B:2.6(0.01%),P:1e-2	Tpos:28.0,Tstd:0.0,Bpos:89.1,Bstd:41.9,StrandBias:10.0,Multiplicity:1.00
0.100	0.700	0.100	0.100
0.100	0.700	0.100	0.100
0.100	0.100	0.100	0.700
0.100	0.100	0.100	0.700
0.100	0.100	0.100	0.700
0.700	0.100	0.100	0.100
0.100	0.100	0.700	0.100
0.100	0.100	0.100	0.700
0.100	0.100	0.100	0.700
0.700	0.100	0.100	0.100
>CGAGACTAGG	5-CGAGACTAGG	10.296193	-6.393173	0	T:1.0(2.63%),B:2.2(0.00%),P:1e-2	Tpos:64.0,Tstd:0.0,Bpos:131.5,Bstd:18.8,StrandBias:10.0,Multiplicity:1.00
0.100	0.700	0.100	0.100
0.100	0.100	0.700	0.100
0.700	0.100	0.100	0.100
0.100	0.100	0.700	0.100
0.700	0.100	0.100	0.100
0.100	0.700	0.100	0.100
0.100	0.100	0.100	0.700
0.700	0.100	0.100	0.100
0.100	0.100	0.700	0.100
0.100	0.100	0.700	0.100
>TTAGTTACCAAG	1-TTAGTTACCAAG	10.874799	-15.408245	0	T:4.0(10.53%),B:59.8(0.13%),P:1e-6	Tpos:96.0,Tstd:40.2,Bpos:109.9,Bstd:59.5,StrandBias:1.6,Multiplicity:1.00
0.001	0.001	0.317	0.681
0.001	0.001	0.317	0.681
0.997	0.001	0.001	0.001
0.317	0.001	0.681	0.001
0.317	0.001	0.001	0.681
0.001	0.001	0.001	0.997
0.681	0.001	0.001	0.317
0.317	0.681	0.001	0.001
0.001	0.997	0.001	0.001
0.681	0.001	0.317	0.001
0.681	0.001	0.317	0.001
0.001	0.317	0.681	0.001
>TCHCTGTGAATG	2-TCHCTGTGAATG	8.552727	-12.348926	0	T:5.0(13.16%),B:288.2(0.63%),P:1e-5	Tpos:140.8,Tstd:42.1,Bpos:101.1,Bstd:59.9,StrandBias:0.0,Multiplicity:1.20
0.001	0.001	0.339	0.659
0.339	0.659	0.001	0.001
0.306	0.339	0.001	0.354
0.001	0.997	0.001	0.001
0.001	0.001	0.001	0.997
0.001	0.001	0.997	0.001
0.001	0.305	0.001	0.693
0.306	0.001	0.676	0.017
0.693	0.305	0.001	0.001
0.693	0.001	0.305	0.001
0.013	0.001	0.001	0.985
0.001	0.001	0.693	0.305
>CCTGTGGGCCCT	3-CCTGTGGGCCCT	9.276178	-11.112571	0	T:7.0(18.42%),B:976.3(2.15%),P:1e-4	Tpos:105.2,Tstd:60.5,Bpos:102.1,Bstd:68.7,StrandBias:0.7,Multiplicity:1.14
0.001	0.997	0.001	0.001
0.001	0.827	0.162	0.010
0.011	0.163	0.163	0.663
0.001	0.325	0.673	0.001
0.325	0.001	0.001	0.673
0.001	0.162	0.836	0.001
0.001	0.325	0.664	0.010
0.162	0.001	0.836	0.001
0.325	0.664	0.001	0.010
0.001	0.836	0.162	0.001
0.001	0.836	0.001	0.162
0.325	0.162	0.001	0.512
>GGCTCGGCGCGG	4-GGCTCGGCGCGG	11.356697	-10.132411	0	T:5.0(13.16%),B:458.4(1.01%),P:1e-4	Tpos:56.9,Tstd:26.5,Bpos:100.2,Bstd:81.8,StrandBias:-1.3,Multiplicity:1.20
0.055	0.001	0.691	0.253
0.001	0.001	0.997	0.001
0.001	0.626	0.372	0.001
0.001	0.400	0.001	0.598
0.001	0.625	0.235	0.139
0.066	0.001	0.717	0.216
0.001	0.148	0.850	0.001
0.001	0.874	0.124	0.001
0.001	0.135	0.550	0.314
0.080	0.550	0.294	0.076
0.001	0.001	0.987	0.011
0.001	0.011	0.987	0.001
>GCCGGCGGACGA	5-GCCGGCGGACGA	12.355432	-7.085913	0	T:1.0(2.63%),B:0.0(0.00%),P:1e-3	Tpos:8.0,Tstd:0.0,Bpos:0.0,Bstd:0.0,StrandBias:10.0,Multiplicity:1.00
0.100	0.100	0.700	0.100
0.100	0.700	0.100	0.100
0.100	0.700	0.100	0.100
0.100	0.100	0.700	0.100
0.100	0.100	0.700	0.100
0.100	0.700	0.100	0.100
0.100	0.100	0.700	0.100
0.100	0.100	0.700	0.100
0.700	0.100	0.100	0.100
0.100	0.700	0.100	0.100
0.100	0.100	0.700	0.100
0.700	0.100	0.100	0.100
>GGCGTATC	1-GGCGTATC	6.063504	-20.306438	0	T:14.0(36.84%),B:2232.3(4.92%),P:1e-8	Tpos:86.6,Tstd:58.2,Bpos:93.9,Bstd:74.9,StrandBias:0.0,Multiplicity:1.00
0.001	0.118	0.880	0.001
0.001	0.001	0.997	0.001
0.001	0.997	0.001	0.001
0.001	0.099	0.899	0.001
0.096	0.059	0.001	0.844
0.852	0.036	0.046	0.066
0.001	0.001	0.074	0.924
0.157	0.728	0.001	0.114
>TTCCGGAT	2-TTCCGGAT	6.263161	-19.326075	0	T:15.0(39.47%),B:2876.4(6.34%),P:1e-8	Tpos:112.9,Tstd:54.2,Bpos:99.5,Bstd:73.5,StrandBias:-0.2,Multiplicity:1.27
0.001	0.076	0.001	0.922
0.001	0.074	0.001	0.924
0.001	0.997	0.001	0.001
0.001	0.811	0.108	0.080
0.001	0.001	0.997	0.001
0.001	0.118	0.725	0.156
0.869	0.129	0.001	0.001
0.001	0.085	0.060	0.854
>CTGACTTA	3-CTGACTTA	7.535754	-17.794362	0	T:11.0(28.95%),B:1447.8(3.19%),P:1e-7	Tpos:105.9,Tstd:66.4,Bpos:99.9,Bstd:70.1,StrandBias:-0.3,Multiplicity:1.00
0.001	0.878	0.001	0.120
0.001	0.001	0.139	0.859
0.001	0.089	0.800	0.110
0.920	0.078	0.001	0.001
0.001	0.902	0.096	0.001
0.001	0.001	0.117	0.881
0.001	0.072	0.001	0.926
0.928	0.001	0.001	0.070
>GMACDSAA	4-GMACDSAA	7.730465	-12.522292	0	T:9.0(23.68%),B:1524.0(3.36%),P:1e-5	Tpos:110.4,Tstd:66.6,Bpos:100.0,Bstd:67.0,StrandBias:0.8,Multiplicity:1.22
0.388	0.001	0.610	0.001
0.535	0.463	0.001	0.001
0.997	0.001	0.001	0.001
0.001	0.997	0.001	0.001
0.329	0.001	0.266	0.404
0.210	0.468	0.321	0.001
0.997	0.001	0.001	0.001
0.997	0.001	0.001	0.001
>AVCACRTG	5-AVCACRTG	6.504224	-12.439518	0	T:14.0(36.84%),B:4217.1(9.29%),P:1e-5	Tpos:104.5,Tstd:56.5,Bpos:98.2,Bstd:72.8,StrandBias:0.1,Multiplicity:1.08
0.560	0.147	0.162	0.131
0.358	0.250	0.306	0.086
0.001	0.997	0.001	0.001
0.706	0.146	0.001	0.147
0.016	0.982	0.001	0.001
0.442	0.001	0.556	0.001
0.001	0.323	0.001	0.675
0.001	0.001	0.997	0.001
