>CTGAGTCAGGCT	3-CTGAGTCAGGCT	7.078915	-18.213706	0	T:37.0(26.62%),B:4750.0(9.78%),P:1e-7
0.106	0.745	0.067	0.082
0.083	0.044	0.064	0.809
0.087	0.064	0.848	0.001
0.812	0.020	0.046	0.122
0.087	0.083	0.737	0.093
0.058	0.265	0.027	0.650
0.081	0.853	0.065	0.001
0.751	0.001	0.069	0.179
0.068	0.072	0.729	0.131
0.137	0.240	0.463	0.160
0.092	0.769	0.078	0.061
0.130	0.019	0.015	0.836
