>GTGAGTCACAGC	1-GTGAGTCACAGC	7.299014	-30.412198	0	T:27.0(19.42%),B:1558.7(3.21%),P:1e-13
0.127	0.250	0.582	0.041
0.208	0.001	0.165	0.626
0.001	0.126	0.790	0.083
0.792	0.041	0.166	0.001
0.166	0.125	0.583	0.126
0.082	0.126	0.001	0.791
0.249	0.543	0.041	0.167
0.709	0.209	0.041	0.041
0.207	0.461	0.166	0.166
0.501	0.165	0.125	0.209
0.041	0.166	0.501	0.292
0.290	0.586	0.083	0.041
