>ATACACACCC	1-ATACACACCC	7.969610	-30.267071	0	T:40.0(19.23%),B:1435.4(4.81%),P:1e-13	Tpos:113.3,Tstd:49.8,Bpos:99.3,Bstd:62.6,StrandBias:0.3,Multiplicity:1.05
0.656	0.001	0.142	0.201
0.137	0.143	0.156	0.564
0.516	0.109	0.323	0.052
0.092	0.906	0.001	0.001
0.997	0.001	0.001	0.001
0.001	0.863	0.135	0.001
0.945	0.001	0.001	0.053
0.001	0.848	0.150	0.001
0.072	0.926	0.001	0.001
0.279	0.455	0.001	0.265
>AAGAATCAAT	2-AAGAATCAAT	9.034961	-25.399684	0	T:20.0(9.62%),B:395.8(1.33%),P:1e-11	Tpos:94.3,Tstd:42.3,Bpos:105.1,Bstd:61.4,StrandBias:0.1,Multiplicity:1.05
0.891	0.001	0.107	0.001
0.793	0.001	0.108	0.098
0.146	0.121	0.732	0.001
0.887	0.001	0.111	0.001
0.859	0.024	0.116	0.001
0.084	0.001	0.001	0.914
0.001	0.936	0.062	0.001
0.997	0.001	0.001	0.001
0.997	0.001	0.001	0.001
0.001	0.001	0.001	0.997
>TAGGGCAAAG	3-TAGGGCAAAG	9.272952	-23.706894	0	T:17.0(8.17%),B:295.5(0.99%),P:1e-10	Tpos:119.4,Tstd:35.0,Bpos:94.8,Bstd:69.1,StrandBias:-1.7,Multiplicity:1.00
0.060	0.025	0.068	0.847
0.921	0.001	0.077	0.001
0.001	0.001	0.866	0.132
0.074	0.001	0.924	0.001
0.095	0.001	0.903	0.001
0.001	0.997	0.001	0.001
0.872	0.001	0.001	0.126
0.813	0.095	0.091	0.001
0.997	0.001	0.001	0.001
0.132	0.001	0.866	0.001
>GWTTRATCAG	4-GWTTRATCAG	5.457773	-20.346316	0	T:51.0(24.52%),B:2994.1(10.03%),P:1e-8	Tpos:98.8,Tstd:55.0,Bpos:100.2,Bstd:62.3,StrandBias:0.2,Multiplicity:1.24
0.233	0.182	0.430	0.155
0.331	0.124	0.094	0.451
0.001	0.137	0.246	0.616
0.039	0.298	0.145	0.518
0.341	0.024	0.460	0.175
0.664	0.203	0.083	0.050
0.253	0.041	0.001	0.705
0.224	0.455	0.221	0.100
0.585	0.001	0.159	0.255
0.280	0.058	0.597	0.065
>GATTTTGAAC	5-GATTTTGAAC	10.601928	-19.441561	0	T:10.0(4.81%),B:101.0(0.34%),P:1e-8	Tpos:127.0,Tstd:54.8,Bpos:112.2,Bstd:64.4,StrandBias:1.2,Multiplicity:1.00
0.001	0.001	0.870	0.128
0.894	0.104	0.001	0.001
0.001	0.078	0.154	0.767
0.001	0.001	0.001	0.997
0.001	0.121	0.001	0.877
0.001	0.001	0.001	0.997
0.001	0.001	0.894	0.104
0.997	0.001	0.001	0.001
0.997	0.001	0.001	0.001
0.090	0.816	0.093	0.001
>TATATTTGCT	6-TATATTTGCT	10.738149	-19.111403	0	T:12.0(5.77%),B:173.8(0.58%),P:1e-8	Tpos:93.4,Tstd:59.1,Bpos:105.2,Bstd:68.0,StrandBias:-1.0,Multiplicity:1.00
0.182	0.001	0.125	0.692
0.929	0.001	0.001	0.069
0.001	0.001	0.001	0.997
0.774	0.132	0.093	0.001
0.001	0.001	0.001	0.997
0.001	0.001	0.001	0.997
0.001	0.001	0.001	0.997
0.001	0.001	0.846	0.152
0.001	0.882	0.001	0.116
0.001	0.001	0.001	0.997
>ATATGCCAGC	7-ATATGCCAGC	6.611141	-16.911098	0	T:48.0(23.08%),B:3022.0(10.13%),P:1e-7	Tpos:97.3,Tstd:54.7,Bpos:99.0,Bstd:58.2,StrandBias:0.7,Multiplicity:1.25
0.777	0.107	0.017	0.099
0.139	0.091	0.117	0.653
0.645	0.101	0.106	0.148
0.068	0.001	0.076	0.855
0.001	0.016	0.936	0.047
0.062	0.760	0.067	0.111
0.100	0.798	0.024	0.078
0.934	0.031	0.001	0.034
0.077	0.001	0.842	0.080
0.068	0.811	0.101	0.020
>CGCCCCAGCG	8-CGCCCCAGCG	10.296193	-15.936823	0	T:4.0(1.92%),B:6.3(0.02%),P:1e-6	Tpos:50.0,Tstd:50.2,Bpos:100.2,Bstd:45.4,StrandBias:1.6,Multiplicity:1.00
0.100	0.700	0.100	0.100
0.100	0.100	0.700	0.100
0.100	0.700	0.100	0.100
0.100	0.700	0.100	0.100
0.100	0.700	0.100	0.100
0.100	0.700	0.100	0.100
0.700	0.100	0.100	0.100
0.100	0.100	0.700	0.100
0.100	0.700	0.100	0.100
0.100	0.100	0.700	0.100
>TCAAGGCCTT	9-TCAAGGCCTT	9.656156	-10.709270	0	T:11.0(5.29%),B:326.1(1.09%),P:1e-4	Tpos:116.9,Tstd:45.5,Bpos:100.0,Bstd:58.3,StrandBias:0.8,Multiplicity:1.00
0.195	0.145	0.072	0.588
0.001	0.997	0.001	0.001
0.997	0.001	0.001	0.001
0.819	0.001	0.179	0.001
0.001	0.001	0.997	0.001
0.001	0.339	0.659	0.001
0.001	0.736	0.001	0.262
0.001	0.814	0.001	0.184
0.033	0.001	0.001	0.965
0.001	0.001	0.247	0.751
