>ATACACACCC	1-ATACACACCC	7.969610	-30.267071	0	T:40.0(19.23%),B:1435.4(4.81%),P:1e-13	Tpos:113.3,Tstd:49.8,Bpos:99.3,Bstd:62.6,StrandBias:0.3,Multiplicity:1.05
0.656	0.001	0.142	0.201
0.137	0.143	0.156	0.564
0.516	0.109	0.323	0.052
0.092	0.906	0.001	0.001
0.997	0.001	0.001	0.001
0.001	0.863	0.135	0.001
0.945	0.001	0.001	0.053
0.001	0.848	0.150	0.001
0.072	0.926	0.001	0.001
0.279	0.455	0.001	0.265
>AAGAATCAAT	2-AAGAATCAAT	9.034961	-25.399684	0	T:20.0(9.62%),B:395.8(1.33%),P:1e-11	Tpos:94.3,Tstd:42.3,Bpos:105.1,Bstd:61.4,StrandBias:0.1,Multiplicity:1.05
0.891	0.001	0.107	0.001
0.793	0.001	0.108	0.098
0.146	0.121	0.732	0.001
0.887	0.001	0.111	0.001
0.859	0.024	0.116	0.001
0.084	0.001	0.001	0.914
0.001	0.936	0.062	0.001
0.997	0.001	0.001	0.001
0.997	0.001	0.001	0.001
0.001	0.001	0.001	0.997
>TAGGGCAAAG	3-TAGGGCAAAG	9.272952	-23.706894	0	T:17.0(8.17%),B:295.5(0.99%),P:1e-10	Tpos:119.4,Tstd:35.0,Bpos:94.8,Bstd:69.1,StrandBias:-1.7,Multiplicity:1.00
0.060	0.025	0.068	0.847
0.921	0.001	0.077	0.001
0.001	0.001	0.866	0.132
0.074	0.001	0.924	0.001
0.095	0.001	0.903	0.001
0.001	0.997	0.001	0.001
0.872	0.001	0.001	0.126
0.813	0.095	0.091	0.001
0.997	0.001	0.001	0.001
0.132	0.001	0.866	0.001
>GWTTRATCAG	4-GWTTRATCAG	5.457773	-20.346316	0	T:51.0(24.52%),B:2994.1(10.03%),P:1e-8	Tpos:98.8,Tstd:55.0,Bpos:100.2,Bstd:62.3,StrandBias:0.2,Multiplicity:1.24
0.233	0.182	0.430	0.155
0.331	0.124	0.094	0.451
0.001	0.137	0.246	0.616
0.039	0.298	0.145	0.518
0.341	0.024	0.460	0.175
0.664	0.203	0.083	0.050
0.253	0.041	0.001	0.705
0.224	0.455	0.221	0.100
0.585	0.001	0.159	0.255
0.280	0.058	0.597	0.065
>GATTTTGAAC	5-GATTTTGAAC	10.601928	-19.441561	0	T:10.0(4.81%),B:101.0(0.34%),P:1e-8	Tpos:127.0,Tstd:54.8,Bpos:112.2,Bstd:64.4,StrandBias:1.2,Multiplicity:1.00
0.001	0.001	0.870	0.128
0.894	0.104	0.001	0.001
0.001	0.078	0.154	0.767
0.001	0.001	0.001	0.997
0.001	0.121	0.001	0.877
0.001	0.001	0.001	0.997
0.001	0.001	0.894	0.104
0.997	0.001	0.001	0.001
0.997	0.001	0.001	0.001
0.090	0.816	0.093	0.001
>TATATTTGCT	6-TATATTTGCT	10.738149	-19.111403	0	T:12.0(5.77%),B:173.8(0.58%),P:1e-8	Tpos:93.4,Tstd:59.1,Bpos:105.2,Bstd:68.0,StrandBias:-1.0,Multiplicity:1.00
0.182	0.001	0.125	0.692
0.929	0.001	0.001	0.069
0.001	0.001	0.001	0.997
0.774	0.132	0.093	0.001
0.001	0.001	0.001	0.997
0.001	0.001	0.001	0.997
0.001	0.001	0.001	0.997
0.001	0.001	0.846	0.152
0.001	0.882	0.001	0.116
0.001	0.001	0.001	0.997
>ATATGCCAGC	7-ATATGCCAGC	6.611141	-16.911098	0	T:48.0(23.08%),B:3022.0(10.13%),P:1e-7	Tpos:97.3,Tstd:54.7,Bpos:99.0,Bstd:58.2,StrandBias:0.7,Multiplicity:1.25
0.777	0.107	0.017	0.099
0.139	0.091	0.117	0.653
0.645	0.101	0.106	0.148
0.068	0.001	0.076	0.855
0.001	0.016	0.936	0.047
0.062	0.760	0.067	0.111
0.100	0.798	0.024	0.078
0.934	0.031	0.001	0.034
0.077	0.001	0.842	0.080
0.068	0.811	0.101	0.020
>CGCCCCAGCG	8-CGCCCCAGCG	10.296193	-15.936823	0	T:4.0(1.92%),B:6.3(0.02%),P:1e-6	Tpos:50.0,Tstd:50.2,Bpos:100.2,Bstd:45.4,StrandBias:1.6,Multiplicity:1.00
0.100	0.700	0.100	0.100
0.100	0.100	0.700	0.100
0.100	0.700	0.100	0.100
0.100	0.700	0.100	0.100
0.100	0.700	0.100	0.100
0.100	0.700	0.100	0.100
0.700	0.100	0.100	0.100
0.100	0.100	0.700	0.100
0.100	0.700	0.100	0.100
0.100	0.100	0.700	0.100
>TCAAGGCCTT	9-TCAAGGCCTT	9.656156	-10.709270	0	T:11.0(5.29%),B:326.1(1.09%),P:1e-4	Tpos:116.9,Tstd:45.5,Bpos:100.0,Bstd:58.3,StrandBias:0.8,Multiplicity:1.00
0.195	0.145	0.072	0.588
0.001	0.997	0.001	0.001
0.997	0.001	0.001	0.001
0.819	0.001	0.179	0.001
0.001	0.001	0.997	0.001
0.001	0.339	0.659	0.001
0.001	0.736	0.001	0.262
0.001	0.814	0.001	0.184
0.033	0.001	0.001	0.965
0.001	0.001	0.247	0.751
>TTAGCAAATATA	1-TTAGCAAATATA	14.323862	-36.453813	0	T:6.0(2.88%),B:1.8(0.01%),P:1e-15	Tpos:72.2,Tstd:43.8,Bpos:185.0,Bstd:0.0,StrandBias:2.3,Multiplicity:1.00
0.001	0.001	0.001	0.997
0.001	0.001	0.001	0.997
0.997	0.001	0.001	0.001
0.199	0.001	0.799	0.001
0.199	0.799	0.001	0.001
0.997	0.001	0.001	0.001
0.997	0.001	0.001	0.001
0.997	0.001	0.001	0.001
0.001	0.199	0.001	0.799
0.997	0.001	0.001	0.001
0.001	0.001	0.001	0.997
0.799	0.199	0.001	0.001
>CTGATCAAACAA	2-CTGATCAAACAA	8.196925	-31.959881	0	T:32.0(15.38%),B:853.9(2.86%),P:1e-13	Tpos:100.0,Tstd:53.4,Bpos:98.4,Bstd:61.2,StrandBias:0.2,Multiplicity:1.16
0.186	0.770	0.043	0.001
0.113	0.001	0.001	0.885
0.086	0.086	0.791	0.037
0.876	0.001	0.086	0.037
0.073	0.001	0.284	0.642
0.215	0.699	0.043	0.043
0.997	0.001	0.001	0.001
0.826	0.044	0.129	0.001
0.609	0.001	0.001	0.389
0.044	0.653	0.087	0.216
0.826	0.087	0.001	0.086
0.702	0.254	0.001	0.043
>GCCCAGAATGGT	3-GCCCAGAATGGT	12.179596	-29.873743	0	T:6.0(2.88%),B:3.5(0.01%),P:1e-12	Tpos:114.7,Tstd:53.9,Bpos:137.7,Bstd:35.9,StrandBias:0.0,Multiplicity:1.00
0.001	0.001	0.997	0.001
0.001	0.997	0.001	0.001
0.001	0.997	0.001	0.001
0.001	0.700	0.298	0.001
0.997	0.001	0.001	0.001
0.001	0.338	0.660	0.001
0.959	0.039	0.001	0.001
0.660	0.338	0.001	0.001
0.001	0.001	0.001	0.997
0.001	0.001	0.997	0.001
0.001	0.001	0.997	0.001
0.001	0.001	0.001	0.997
>TCAGACACACCT	4-TCAGACACACCT	14.034889	-24.998273	0	T:7.0(3.37%),B:14.8(0.05%),P:1e-10	Tpos:118.6,Tstd:43.8,Bpos:106.0,Bstd:32.7,StrandBias:1.3,Multiplicity:1.00
0.001	0.181	0.001	0.817
0.001	0.997	0.001	0.001
0.997	0.001	0.001	0.001
0.001	0.001	0.997	0.001
0.702	0.141	0.156	0.001
0.001	0.997	0.001	0.001
0.997	0.001	0.001	0.001
0.001	0.997	0.001	0.001
0.997	0.001	0.001	0.001
0.001	0.997	0.001	0.001
0.001	0.997	0.001	0.001
0.181	0.156	0.001	0.662
>GCAAGTCTGATG	5-GCAAGTCTGATG	14.640156	-23.076532	0	T:4.0(1.92%),B:0.4(0.00%),P:1e-10	Tpos:140.2,Tstd:23.6,Bpos:16.0,Bstd:0.0,StrandBias:0.0,Multiplicity:1.00
0.001	0.001	0.997	0.001
0.001	0.749	0.249	0.001
0.997	0.001	0.001	0.001
0.997	0.001	0.001	0.001
0.001	0.001	0.997	0.001
0.001	0.249	0.001	0.749
0.001	0.997	0.001	0.001
0.001	0.001	0.001	0.997
0.001	0.249	0.749	0.001
0.997	0.001	0.001	0.001
0.001	0.001	0.001	0.997
0.001	0.001	0.997	0.001
>AAATATTTACTY	6-AAATATTTACTY	11.456347	-15.801844	0	T:9.0(4.33%),B:114.0(0.38%),P:1e-6	Tpos:97.8,Tstd:54.7,Bpos:103.8,Bstd:67.6,StrandBias:1.0,Multiplicity:1.11
0.688	0.001	0.310	0.001
0.843	0.155	0.001	0.001
0.997	0.001	0.001	0.001
0.001	0.155	0.001	0.843
0.997	0.001	0.001	0.001
0.001	0.001	0.001	0.997
0.001	0.001	0.001	0.997
0.001	0.001	0.001	0.997
0.752	0.001	0.246	0.001
0.310	0.688	0.001	0.001
0.001	0.254	0.001	0.744
0.001	0.484	0.155	0.360
>AATATCAGCCCC	7-AATATCAGCCCC	14.640156	-14.635101	0	T:3.0(1.44%),B:2.9(0.01%),P:1e-6	Tpos:55.0,Tstd:20.1,Bpos:99.9,Bstd:28.3,StrandBias:0.0,Multiplicity:1.33
0.749	0.249	0.001	0.001
0.997	0.001	0.001	0.001
0.001	0.249	0.001	0.749
0.997	0.001	0.001	0.001
0.001	0.001	0.001	0.997
0.001	0.997	0.001	0.001
0.997	0.001	0.001	0.001
0.001	0.001	0.997	0.001
0.001	0.997	0.001	0.001
0.001	0.997	0.001	0.001
0.249	0.749	0.001	0.001
0.001	0.997	0.001	0.001
>TYCAAGGCCTTG	8-TYCAAGGCCTTG	8.814566	-9.969143	0	T:6.0(2.88%),B:90.5(0.30%),P:1e-4	Tpos:132.4,Tstd:41.5,Bpos:103.6,Bstd:61.5,StrandBias:0.3,Multiplicity:1.00
0.029	0.001	0.062	0.908
0.001	0.454	0.091	0.454
0.001	0.997	0.001	0.001
0.997	0.001	0.001	0.001
0.997	0.001	0.001	0.001
0.001	0.001	0.997	0.001
0.001	0.001	0.997	0.001
0.001	0.997	0.001	0.001
0.001	0.997	0.001	0.001
0.001	0.001	0.001	0.997
0.001	0.001	0.001	0.997
0.001	0.001	0.997	0.001
>TTTTTAWAAAWG	9-TTTTTAWAAAWG	9.557517	-6.229104	0	T:11.0(5.29%),B:555.6(1.86%),P:1e-2	Tpos:83.5,Tstd:46.3,Bpos:100.4,Bstd:64.4,StrandBias:0.3,Multiplicity:1.18
0.001	0.154	0.001	0.844
0.001	0.001	0.157	0.841
0.001	0.001	0.001	0.997
0.001	0.001	0.066	0.932
0.339	0.001	0.001	0.659
0.630	0.001	0.001	0.368
0.532	0.080	0.001	0.387
0.764	0.001	0.234	0.001
0.997	0.001	0.001	0.001
0.943	0.055	0.001	0.001
0.444	0.001	0.183	0.372
0.117	0.261	0.533	0.089
>GAGGTGTG	1-GAGGTGTG	4.024159	-26.912532	0	T:49.0(23.56%),B:2319.8(7.77%),P:1e-11	Tpos:103.3,Tstd:57.6,Bpos:98.0,Bstd:61.7,StrandBias:-0.4,Multiplicity:1.18
0.001	0.001	0.842	0.156
0.869	0.073	0.057	0.001
0.001	0.001	0.997	0.001
0.001	0.001	0.997	0.001
0.001	0.001	0.001	0.997
0.001	0.001	0.997	0.001
0.001	0.001	0.001	0.997
0.001	0.001	0.997	0.001
>TTGATCAG	2-TTGATCAG	6.909670	-24.319801	0	T:34.0(16.35%),B:1284.3(4.30%),P:1e-10	Tpos:104.2,Tstd:53.4,Bpos:101.9,Bstd:62.1,StrandBias:-0.1,Multiplicity:1.15
0.039	0.036	0.016	0.909
0.001	0.001	0.011	0.987
0.001	0.001	0.926	0.072
0.862	0.128	0.009	0.001
0.033	0.001	0.001	0.965
0.122	0.739	0.011	0.128
0.789	0.001	0.057	0.153
0.001	0.023	0.958	0.018
>GGTAGGGC	3-GGTAGGGC	6.472905	-21.575170	0	T:71.0(34.13%),B:4914.7(16.47%),P:1e-9	Tpos:111.2,Tstd:52.8,Bpos:99.0,Bstd:61.7,StrandBias:0.0,Multiplicity:1.22
0.001	0.001	0.888	0.110
0.001	0.001	0.918	0.080
0.064	0.264	0.113	0.559
0.686	0.001	0.156	0.157
0.033	0.001	0.902	0.064
0.051	0.001	0.862	0.086
0.231	0.025	0.743	0.001
0.001	0.759	0.001	0.239
>ACAATATT	4-ACAATATT	8.501915	-19.298344	0	T:20.0(9.62%),B:564.0(1.89%),P:1e-8	Tpos:109.9,Tstd:51.8,Bpos:106.4,Bstd:66.2,StrandBias:0.1,Multiplicity:1.05
0.736	0.001	0.001	0.262
0.001	0.997	0.001	0.001
0.997	0.001	0.001	0.001
0.997	0.001	0.001	0.001
0.001	0.001	0.001	0.997
0.997	0.001	0.001	0.001
0.001	0.292	0.001	0.706
0.001	0.001	0.001	0.997
>GCTGATAT	5-GCTGATAT	6.527963	-15.815677	0	T:34.0(16.35%),B:1805.6(6.05%),P:1e-6	Tpos:88.5,Tstd:48.3,Bpos:99.4,Bstd:67.9,StrandBias:0.6,Multiplicity:1.12
0.023	0.034	0.738	0.205
0.005	0.671	0.229	0.095
0.172	0.281	0.001	0.546
0.265	0.001	0.733	0.001
0.814	0.050	0.111	0.025
0.027	0.001	0.001	0.971
0.967	0.001	0.007	0.025
0.154	0.004	0.237	0.605
>CGGTTATC	6-CGGTTATC	7.501423	-15.061596	0	T:15.0(7.21%),B:413.6(1.39%),P:1e-6	Tpos:82.3,Tstd:30.9,Bpos:101.6,Bstd:58.6,StrandBias:0.5,Multiplicity:1.13
0.027	0.933	0.039	0.001
0.022	0.102	0.659	0.217
0.001	0.099	0.836	0.064
0.001	0.001	0.001	0.997
0.001	0.001	0.085	0.913
0.840	0.115	0.001	0.044
0.001	0.001	0.001	0.997
0.001	0.921	0.077	0.001
