>TTAGCAAATATA	1-TTAGCAAATATA	14.323862	-36.453813	0	T:6.0(2.88%),B:1.8(0.01%),P:1e-15	Tpos:72.2,Tstd:43.8,Bpos:185.0,Bstd:0.0,StrandBias:2.3,Multiplicity:1.00
0.001	0.001	0.001	0.997
0.001	0.001	0.001	0.997
0.997	0.001	0.001	0.001
0.199	0.001	0.799	0.001
0.199	0.799	0.001	0.001
0.997	0.001	0.001	0.001
0.997	0.001	0.001	0.001
0.997	0.001	0.001	0.001
0.001	0.199	0.001	0.799
0.997	0.001	0.001	0.001
0.001	0.001	0.001	0.997
0.799	0.199	0.001	0.001
>CTGATCAAACAA	2-CTGATCAAACAA	8.196925	-31.959881	0	T:32.0(15.38%),B:853.9(2.86%),P:1e-13	Tpos:100.0,Tstd:53.4,Bpos:98.4,Bstd:61.2,StrandBias:0.2,Multiplicity:1.16
0.186	0.770	0.043	0.001
0.113	0.001	0.001	0.885
0.086	0.086	0.791	0.037
0.876	0.001	0.086	0.037
0.073	0.001	0.284	0.642
0.215	0.699	0.043	0.043
0.997	0.001	0.001	0.001
0.826	0.044	0.129	0.001
0.609	0.001	0.001	0.389
0.044	0.653	0.087	0.216
0.826	0.087	0.001	0.086
0.702	0.254	0.001	0.043
>GCCCAGAATGGT	3-GCCCAGAATGGT	12.179596	-29.873743	0	T:6.0(2.88%),B:3.5(0.01%),P:1e-12	Tpos:114.7,Tstd:53.9,Bpos:137.7,Bstd:35.9,StrandBias:0.0,Multiplicity:1.00
0.001	0.001	0.997	0.001
0.001	0.997	0.001	0.001
0.001	0.997	0.001	0.001
0.001	0.700	0.298	0.001
0.997	0.001	0.001	0.001
0.001	0.338	0.660	0.001
0.959	0.039	0.001	0.001
0.660	0.338	0.001	0.001
0.001	0.001	0.001	0.997
0.001	0.001	0.997	0.001
0.001	0.001	0.997	0.001
0.001	0.001	0.001	0.997
>TCAGACACACCT	4-TCAGACACACCT	14.034889	-24.998273	0	T:7.0(3.37%),B:14.8(0.05%),P:1e-10	Tpos:118.6,Tstd:43.8,Bpos:106.0,Bstd:32.7,StrandBias:1.3,Multiplicity:1.00
0.001	0.181	0.001	0.817
0.001	0.997	0.001	0.001
0.997	0.001	0.001	0.001
0.001	0.001	0.997	0.001
0.702	0.141	0.156	0.001
0.001	0.997	0.001	0.001
0.997	0.001	0.001	0.001
0.001	0.997	0.001	0.001
0.997	0.001	0.001	0.001
0.001	0.997	0.001	0.001
0.001	0.997	0.001	0.001
0.181	0.156	0.001	0.662
>GCAAGTCTGATG	5-GCAAGTCTGATG	14.640156	-23.076532	0	T:4.0(1.92%),B:0.4(0.00%),P:1e-10	Tpos:140.2,Tstd:23.6,Bpos:16.0,Bstd:0.0,StrandBias:0.0,Multiplicity:1.00
0.001	0.001	0.997	0.001
0.001	0.749	0.249	0.001
0.997	0.001	0.001	0.001
0.997	0.001	0.001	0.001
0.001	0.001	0.997	0.001
0.001	0.249	0.001	0.749
0.001	0.997	0.001	0.001
0.001	0.001	0.001	0.997
0.001	0.249	0.749	0.001
0.997	0.001	0.001	0.001
0.001	0.001	0.001	0.997
0.001	0.001	0.997	0.001
>AAATATTTACTY	6-AAATATTTACTY	11.456347	-15.801844	0	T:9.0(4.33%),B:114.0(0.38%),P:1e-6	Tpos:97.8,Tstd:54.7,Bpos:103.8,Bstd:67.6,StrandBias:1.0,Multiplicity:1.11
0.688	0.001	0.310	0.001
0.843	0.155	0.001	0.001
0.997	0.001	0.001	0.001
0.001	0.155	0.001	0.843
0.997	0.001	0.001	0.001
0.001	0.001	0.001	0.997
0.001	0.001	0.001	0.997
0.001	0.001	0.001	0.997
0.752	0.001	0.246	0.001
0.310	0.688	0.001	0.001
0.001	0.254	0.001	0.744
0.001	0.484	0.155	0.360
>AATATCAGCCCC	7-AATATCAGCCCC	14.640156	-14.635101	0	T:3.0(1.44%),B:2.9(0.01%),P:1e-6	Tpos:55.0,Tstd:20.1,Bpos:99.9,Bstd:28.3,StrandBias:0.0,Multiplicity:1.33
0.749	0.249	0.001	0.001
0.997	0.001	0.001	0.001
0.001	0.249	0.001	0.749
0.997	0.001	0.001	0.001
0.001	0.001	0.001	0.997
0.001	0.997	0.001	0.001
0.997	0.001	0.001	0.001
0.001	0.001	0.997	0.001
0.001	0.997	0.001	0.001
0.001	0.997	0.001	0.001
0.249	0.749	0.001	0.001
0.001	0.997	0.001	0.001
>TYCAAGGCCTTG	8-TYCAAGGCCTTG	8.814566	-9.969143	0	T:6.0(2.88%),B:90.5(0.30%),P:1e-4	Tpos:132.4,Tstd:41.5,Bpos:103.6,Bstd:61.5,StrandBias:0.3,Multiplicity:1.00
0.029	0.001	0.062	0.908
0.001	0.454	0.091	0.454
0.001	0.997	0.001	0.001
0.997	0.001	0.001	0.001
0.997	0.001	0.001	0.001
0.001	0.001	0.997	0.001
0.001	0.001	0.997	0.001
0.001	0.997	0.001	0.001
0.001	0.997	0.001	0.001
0.001	0.001	0.001	0.997
0.001	0.001	0.001	0.997
0.001	0.001	0.997	0.001
>TTTTTAWAAAWG	9-TTTTTAWAAAWG	9.557517	-6.229104	0	T:11.0(5.29%),B:555.6(1.86%),P:1e-2	Tpos:83.5,Tstd:46.3,Bpos:100.4,Bstd:64.4,StrandBias:0.3,Multiplicity:1.18
0.001	0.154	0.001	0.844
0.001	0.001	0.157	0.841
0.001	0.001	0.001	0.997
0.001	0.001	0.066	0.932
0.339	0.001	0.001	0.659
0.630	0.001	0.001	0.368
0.532	0.080	0.001	0.387
0.764	0.001	0.234	0.001
0.997	0.001	0.001	0.001
0.943	0.055	0.001	0.001
0.444	0.001	0.183	0.372
0.117	0.261	0.533	0.089
