>GAGGTGTG	1-GAGGTGTG	4.024159	-26.912532	0	T:49.0(23.56%),B:2319.8(7.77%),P:1e-11	Tpos:103.3,Tstd:57.6,Bpos:98.0,Bstd:61.7,StrandBias:-0.4,Multiplicity:1.18
0.001	0.001	0.842	0.156
0.869	0.073	0.057	0.001
0.001	0.001	0.997	0.001
0.001	0.001	0.997	0.001
0.001	0.001	0.001	0.997
0.001	0.001	0.997	0.001
0.001	0.001	0.001	0.997
0.001	0.001	0.997	0.001
>TTGATCAG	2-TTGATCAG	6.909670	-24.319801	0	T:34.0(16.35%),B:1284.3(4.30%),P:1e-10	Tpos:104.2,Tstd:53.4,Bpos:101.9,Bstd:62.1,StrandBias:-0.1,Multiplicity:1.15
0.039	0.036	0.016	0.909
0.001	0.001	0.011	0.987
0.001	0.001	0.926	0.072
0.862	0.128	0.009	0.001
0.033	0.001	0.001	0.965
0.122	0.739	0.011	0.128
0.789	0.001	0.057	0.153
0.001	0.023	0.958	0.018
>GGTAGGGC	3-GGTAGGGC	6.472905	-21.575170	0	T:71.0(34.13%),B:4914.7(16.47%),P:1e-9	Tpos:111.2,Tstd:52.8,Bpos:99.0,Bstd:61.7,StrandBias:0.0,Multiplicity:1.22
0.001	0.001	0.888	0.110
0.001	0.001	0.918	0.080
0.064	0.264	0.113	0.559
0.686	0.001	0.156	0.157
0.033	0.001	0.902	0.064
0.051	0.001	0.862	0.086
0.231	0.025	0.743	0.001
0.001	0.759	0.001	0.239
>ACAATATT	4-ACAATATT	8.501915	-19.298344	0	T:20.0(9.62%),B:564.0(1.89%),P:1e-8	Tpos:109.9,Tstd:51.8,Bpos:106.4,Bstd:66.2,StrandBias:0.1,Multiplicity:1.05
0.736	0.001	0.001	0.262
0.001	0.997	0.001	0.001
0.997	0.001	0.001	0.001
0.997	0.001	0.001	0.001
0.001	0.001	0.001	0.997
0.997	0.001	0.001	0.001
0.001	0.292	0.001	0.706
0.001	0.001	0.001	0.997
>GCTGATAT	5-GCTGATAT	6.527963	-15.815677	0	T:34.0(16.35%),B:1805.6(6.05%),P:1e-6	Tpos:88.5,Tstd:48.3,Bpos:99.4,Bstd:67.9,StrandBias:0.6,Multiplicity:1.12
0.023	0.034	0.738	0.205
0.005	0.671	0.229	0.095
0.172	0.281	0.001	0.546
0.265	0.001	0.733	0.001
0.814	0.050	0.111	0.025
0.027	0.001	0.001	0.971
0.967	0.001	0.007	0.025
0.154	0.004	0.237	0.605
>CGGTTATC	6-CGGTTATC	7.501423	-15.061596	0	T:15.0(7.21%),B:413.6(1.39%),P:1e-6	Tpos:82.3,Tstd:30.9,Bpos:101.6,Bstd:58.6,StrandBias:0.5,Multiplicity:1.13
0.027	0.933	0.039	0.001
0.022	0.102	0.659	0.217
0.001	0.099	0.836	0.064
0.001	0.001	0.001	0.997
0.001	0.001	0.085	0.913
0.840	0.115	0.001	0.044
0.001	0.001	0.001	0.997
0.001	0.921	0.077	0.001
