>GTTAAACATTTA	6-GTTAAACATTTA	7.999716	-23.849679	0	T:31.0(10.88%),B:767.4(2.63%),P:1e-10
0.125	0.159	0.602	0.114
0.166	0.029	0.070	0.735
0.132	0.115	0.029	0.724
0.816	0.058	0.053	0.073
0.855	0.100	0.001	0.044
0.824	0.044	0.044	0.088
0.097	0.735	0.044	0.124
0.766	0.102	0.029	0.103
0.084	0.044	0.124	0.748
0.094	0.056	0.037	0.813
0.135	0.130	0.053	0.682
0.705	0.069	0.140	0.086
