>CAGTTCAATCTT	1-CAGTTCAATCTT	12.041514	-20.493097	0	T:3.0(6.25%),B:3.0(0.01%),P:1e-8	Tpos:114.3,Tstd:11.9,Bpos:104.2,Bstd:30.1,StrandBias:1.0,Multiplicity:1.00
0.001	0.997	0.001	0.001
0.812	0.001	0.001	0.186
0.001	0.001	0.583	0.415
0.208	0.159	0.001	0.632
0.001	0.001	0.001	0.997
0.208	0.377	0.218	0.197
0.997	0.001	0.001	0.001
0.425	0.208	0.208	0.159
0.001	0.001	0.207	0.791
0.001	0.997	0.001	0.001
0.001	0.207	0.001	0.791
0.001	0.345	0.001	0.653
>GGCTGTGGGCAT	2-GGCTGTGGGCAT	10.861717	-18.617049	0	T:7.0(14.58%),B:259.6(0.54%),P:1e-8	Tpos:116.4,Tstd:67.4,Bpos:97.9,Bstd:58.4,StrandBias:0.6,Multiplicity:1.43
0.158	0.001	0.840	0.001
0.001	0.177	0.645	0.177
0.001	0.997	0.001	0.001
0.001	0.001	0.001	0.997
0.001	0.001	0.997	0.001
0.001	0.001	0.001	0.997
0.176	0.001	0.822	0.001
0.001	0.001	0.840	0.158
0.001	0.177	0.538	0.284
0.001	0.997	0.001	0.001
0.822	0.001	0.176	0.001
0.325	0.001	0.135	0.539
>GCCATGGCAGGC	3-GCCATGGCAGGC	11.455872	-15.176682	0	T:5.0(10.42%),B:133.9(0.28%),P:1e-6	Tpos:81.8,Tstd:58.1,Bpos:100.2,Bstd:67.5,StrandBias:1.6,Multiplicity:1.40
0.001	0.279	0.719	0.001
0.001	0.997	0.001	0.001
0.001	0.997	0.001	0.001
0.740	0.096	0.158	0.006
0.158	0.158	0.248	0.436
0.001	0.157	0.841	0.001
0.006	0.001	0.992	0.001
0.001	0.997	0.001	0.001
0.619	0.284	0.001	0.096
0.001	0.157	0.841	0.001
0.001	0.162	0.836	0.001
0.001	0.997	0.001	0.001
>GAGCACMWGACM	4-GAGCACMWGACM	12.569667	-10.430647	0	T:3.0(6.25%),B:58.4(0.12%),P:1e-4	Tpos:69.2,Tstd:56.8,Bpos:93.5,Bstd:61.5,StrandBias:-2.0,Multiplicity:1.67
0.001	0.001	0.997	0.001
0.997	0.001	0.001	0.001
0.001	0.001	0.997	0.001
0.034	0.964	0.001	0.001
0.997	0.001	0.001	0.001
0.216	0.782	0.001	0.001
0.492	0.506	0.001	0.001
0.506	0.001	0.001	0.492
0.001	0.001	0.997	0.001
0.997	0.001	0.001	0.001
0.240	0.758	0.001	0.001
0.541	0.457	0.001	0.001
>AGACTATGACAG	5-AGACTATGACAG	12.462539	-10.370944	0	T:2.0(4.17%),B:8.1(0.02%),P:1e-4	Tpos:109.8,Tstd:65.5,Bpos:101.1,Bstd:55.5,StrandBias:10.0,Multiplicity:2.00
0.997	0.001	0.001	0.001
0.001	0.001	0.997	0.001
0.997	0.001	0.001	0.001
0.126	0.872	0.001	0.001
0.001	0.126	0.001	0.872
0.997	0.001	0.001	0.001
0.001	0.001	0.001	0.997
0.001	0.001	0.997	0.001
0.997	0.001	0.001	0.001
0.001	0.997	0.001	0.001
0.997	0.001	0.001	0.001
0.001	0.001	0.997	0.001
>GAGAGAGCCGAG	6-GAGAGAGCCGAG	12.927784	-8.869161	0	T:2.0(4.17%),B:17.2(0.04%),P:1e-3	Tpos:132.2,Tstd:53.6,Bpos:88.5,Bstd:61.7,StrandBias:10.0,Multiplicity:2.00
0.001	0.001	0.839	0.159
0.997	0.001	0.001	0.001
0.001	0.001	0.997	0.001
0.997	0.001	0.001	0.001
0.001	0.001	0.997	0.001
0.997	0.001	0.001	0.001
0.001	0.001	0.997	0.001
0.001	0.997	0.001	0.001
0.001	0.997	0.001	0.001
0.159	0.001	0.839	0.001
0.997	0.001	0.001	0.001
0.001	0.001	0.997	0.001
>TTTTTTTTTTTT	7-TTTTTTTTTTTT	13.203771	-4.247434	0	T:4.0(8.33%),B:935.5(1.95%),P:1e-1	Tpos:168.4,Tstd:34.3,Bpos:98.4,Bstd:85.7,StrandBias:-0.2,Multiplicity:1.00
0.083	0.048	0.076	0.793
0.001	0.001	0.001	0.997
0.001	0.001	0.001	0.997
0.001	0.045	0.001	0.953
0.001	0.118	0.001	0.880
0.001	0.111	0.001	0.887
0.001	0.107	0.001	0.891
0.001	0.102	0.001	0.896
0.001	0.095	0.001	0.903
0.001	0.001	0.001	0.997
0.001	0.079	0.001	0.919
0.069	0.059	0.001	0.871
