>GCCATCTCGC	1-GCCATCTCGC	12.838943	-23.764587	0	T:4.0(8.33%),B:6.4(0.01%),P:1e-10	Tpos:118.8,Tstd:26.5,Bpos:160.9,Bstd:53.8,StrandBias:0.0,Multiplicity:1.00
0.001	0.001	0.997	0.001
0.001	0.997	0.001	0.001
0.001	0.997	0.001	0.001
0.629	0.001	0.369	0.001
0.001	0.001	0.001	0.997
0.001	0.997	0.001	0.001
0.001	0.001	0.001	0.997
0.001	0.997	0.001	0.001
0.001	0.001	0.997	0.001
0.001	0.997	0.001	0.001
>CTSTGGGCAT	2-CTSTGGGCAT	8.530446	-17.808312	0	T:13.0(27.08%),B:1815.0(3.79%),P:1e-7	Tpos:112.5,Tstd:64.3,Bpos:99.3,Bstd:62.6,StrandBias:0.6,Multiplicity:1.25
0.001	0.730	0.134	0.135
0.005	0.001	0.001	0.993
0.001	0.440	0.437	0.122
0.001	0.001	0.001	0.997
0.001	0.001	0.997	0.001
0.001	0.110	0.793	0.096
0.007	0.124	0.606	0.263
0.005	0.985	0.001	0.009
0.639	0.097	0.174	0.090
0.009	0.001	0.153	0.837
>GATGACTCAC	3-GATGACTCAC	11.154892	-17.208080	0	T:5.0(10.42%),B:88.7(0.19%),P:1e-7	Tpos:124.2,Tstd:60.3,Bpos:101.9,Bstd:56.6,StrandBias:-1.0,Multiplicity:1.20
0.001	0.001	0.997	0.001
0.854	0.001	0.144	0.001
0.001	0.001	0.001	0.997
0.001	0.001	0.723	0.275
0.997	0.001	0.001	0.001
0.199	0.799	0.001	0.001
0.001	0.001	0.001	0.997
0.001	0.997	0.001	0.001
0.816	0.182	0.001	0.001
0.001	0.997	0.001	0.001
>CCATGTGCTT	4-CCATGTGCTT	8.540170	-15.807392	0	T:10.0(20.83%),B:1115.8(2.33%),P:1e-6	Tpos:91.8,Tstd:52.7,Bpos:101.1,Bstd:64.5,StrandBias:0.5,Multiplicity:1.20
0.334	0.563	0.001	0.102
0.222	0.664	0.113	0.001
0.797	0.201	0.001	0.001
0.001	0.125	0.001	0.873
0.001	0.001	0.997	0.001
0.001	0.001	0.001	0.997
0.012	0.001	0.893	0.094
0.109	0.785	0.001	0.105
0.001	0.120	0.127	0.752
0.001	0.327	0.001	0.671
>TGGTGATCTA	5-TGGTGATCTA	9.997388	-15.722338	0	T:5.0(10.42%),B:119.1(0.25%),P:1e-6	Tpos:98.0,Tstd:60.1,Bpos:95.3,Bstd:62.8,StrandBias:1.3,Multiplicity:1.40
0.001	0.001	0.001	0.997
0.001	0.001	0.997	0.001
0.001	0.001	0.997	0.001
0.001	0.001	0.001	0.997
0.001	0.001	0.997	0.001
0.932	0.066	0.001	0.001
0.001	0.001	0.001	0.997
0.001	0.634	0.001	0.364
0.310	0.001	0.001	0.688
0.741	0.257	0.001	0.001
>GACAGTGAGC	6-GACAGTGAGC	8.127673	-14.341196	0	T:11.0(22.92%),B:1658.0(3.46%),P:1e-6	Tpos:91.0,Tstd:55.7,Bpos:98.9,Bstd:65.0,StrandBias:0.7,Multiplicity:1.45
0.001	0.113	0.885	0.001
0.904	0.001	0.001	0.094
0.001	0.896	0.102	0.001
0.852	0.146	0.001	0.001
0.210	0.186	0.603	0.001
0.147	0.199	0.001	0.653
0.134	0.199	0.666	0.001
0.906	0.001	0.001	0.092
0.001	0.092	0.906	0.001
0.001	0.766	0.003	0.230
>TGGGAAACTG	7-TGGGAAACTG	8.350283	-11.488035	0	T:9.0(18.75%),B:1417.0(2.96%),P:1e-4	Tpos:69.0,Tstd:49.3,Bpos:101.2,Bstd:66.5,StrandBias:0.6,Multiplicity:1.11
0.100	0.100	0.100	0.700
0.100	0.100	0.700	0.100
0.100	0.100	0.700	0.100
0.100	0.100	0.700	0.100
0.700	0.100	0.100	0.100
0.700	0.100	0.100	0.100
0.700	0.100	0.100	0.100
0.100	0.700	0.100	0.100
0.100	0.100	0.100	0.700
0.100	0.100	0.700	0.100
>TTTTTTTTTT	8-TTTTTTTTTT	11.180102	-5.588470	0	T:6.0(12.50%),B:1499.2(3.13%),P:1e-2	Tpos:152.3,Tstd:51.9,Bpos:100.2,Bstd:85.7,StrandBias:3.1,Multiplicity:1.17
0.001	0.035	0.067	0.897
0.001	0.001	0.001	0.997
0.001	0.001	0.001	0.997
0.001	0.072	0.001	0.926
0.001	0.061	0.001	0.937
0.001	0.061	0.001	0.937
0.001	0.064	0.001	0.934
0.001	0.061	0.001	0.937
0.001	0.130	0.001	0.868
0.001	0.169	0.001	0.829
>CAGTTCAATCTT	1-CAGTTCAATCTT	12.041514	-20.493097	0	T:3.0(6.25%),B:3.0(0.01%),P:1e-8	Tpos:114.3,Tstd:11.9,Bpos:104.2,Bstd:30.1,StrandBias:1.0,Multiplicity:1.00
0.001	0.997	0.001	0.001
0.812	0.001	0.001	0.186
0.001	0.001	0.583	0.415
0.208	0.159	0.001	0.632
0.001	0.001	0.001	0.997
0.208	0.377	0.218	0.197
0.997	0.001	0.001	0.001
0.425	0.208	0.208	0.159
0.001	0.001	0.207	0.791
0.001	0.997	0.001	0.001
0.001	0.207	0.001	0.791
0.001	0.345	0.001	0.653
>GGCTGTGGGCAT	2-GGCTGTGGGCAT	10.861717	-18.617049	0	T:7.0(14.58%),B:259.6(0.54%),P:1e-8	Tpos:116.4,Tstd:67.4,Bpos:97.9,Bstd:58.4,StrandBias:0.6,Multiplicity:1.43
0.158	0.001	0.840	0.001
0.001	0.177	0.645	0.177
0.001	0.997	0.001	0.001
0.001	0.001	0.001	0.997
0.001	0.001	0.997	0.001
0.001	0.001	0.001	0.997
0.176	0.001	0.822	0.001
0.001	0.001	0.840	0.158
0.001	0.177	0.538	0.284
0.001	0.997	0.001	0.001
0.822	0.001	0.176	0.001
0.325	0.001	0.135	0.539
>GCCATGGCAGGC	3-GCCATGGCAGGC	11.455872	-15.176682	0	T:5.0(10.42%),B:133.9(0.28%),P:1e-6	Tpos:81.8,Tstd:58.1,Bpos:100.2,Bstd:67.5,StrandBias:1.6,Multiplicity:1.40
0.001	0.279	0.719	0.001
0.001	0.997	0.001	0.001
0.001	0.997	0.001	0.001
0.740	0.096	0.158	0.006
0.158	0.158	0.248	0.436
0.001	0.157	0.841	0.001
0.006	0.001	0.992	0.001
0.001	0.997	0.001	0.001
0.619	0.284	0.001	0.096
0.001	0.157	0.841	0.001
0.001	0.162	0.836	0.001
0.001	0.997	0.001	0.001
>GAGCACMWGACM	4-GAGCACMWGACM	12.569667	-10.430647	0	T:3.0(6.25%),B:58.4(0.12%),P:1e-4	Tpos:69.2,Tstd:56.8,Bpos:93.5,Bstd:61.5,StrandBias:-2.0,Multiplicity:1.67
0.001	0.001	0.997	0.001
0.997	0.001	0.001	0.001
0.001	0.001	0.997	0.001
0.034	0.964	0.001	0.001
0.997	0.001	0.001	0.001
0.216	0.782	0.001	0.001
0.492	0.506	0.001	0.001
0.506	0.001	0.001	0.492
0.001	0.001	0.997	0.001
0.997	0.001	0.001	0.001
0.240	0.758	0.001	0.001
0.541	0.457	0.001	0.001
>AGACTATGACAG	5-AGACTATGACAG	12.462539	-10.370944	0	T:2.0(4.17%),B:8.1(0.02%),P:1e-4	Tpos:109.8,Tstd:65.5,Bpos:101.1,Bstd:55.5,StrandBias:10.0,Multiplicity:2.00
0.997	0.001	0.001	0.001
0.001	0.001	0.997	0.001
0.997	0.001	0.001	0.001
0.126	0.872	0.001	0.001
0.001	0.126	0.001	0.872
0.997	0.001	0.001	0.001
0.001	0.001	0.001	0.997
0.001	0.001	0.997	0.001
0.997	0.001	0.001	0.001
0.001	0.997	0.001	0.001
0.997	0.001	0.001	0.001
0.001	0.001	0.997	0.001
>GAGAGAGCCGAG	6-GAGAGAGCCGAG	12.927784	-8.869161	0	T:2.0(4.17%),B:17.2(0.04%),P:1e-3	Tpos:132.2,Tstd:53.6,Bpos:88.5,Bstd:61.7,StrandBias:10.0,Multiplicity:2.00
0.001	0.001	0.839	0.159
0.997	0.001	0.001	0.001
0.001	0.001	0.997	0.001
0.997	0.001	0.001	0.001
0.001	0.001	0.997	0.001
0.997	0.001	0.001	0.001
0.001	0.001	0.997	0.001
0.001	0.997	0.001	0.001
0.001	0.997	0.001	0.001
0.159	0.001	0.839	0.001
0.997	0.001	0.001	0.001
0.001	0.001	0.997	0.001
>TTTTTTTTTTTT	7-TTTTTTTTTTTT	13.203771	-4.247434	0	T:4.0(8.33%),B:935.5(1.95%),P:1e-1	Tpos:168.4,Tstd:34.3,Bpos:98.4,Bstd:85.7,StrandBias:-0.2,Multiplicity:1.00
0.083	0.048	0.076	0.793
0.001	0.001	0.001	0.997
0.001	0.001	0.001	0.997
0.001	0.045	0.001	0.953
0.001	0.118	0.001	0.880
0.001	0.111	0.001	0.887
0.001	0.107	0.001	0.891
0.001	0.102	0.001	0.896
0.001	0.095	0.001	0.903
0.001	0.001	0.001	0.997
0.001	0.079	0.001	0.919
0.069	0.059	0.001	0.871
>MCCACATG	1-MCCACATG	7.957499	-18.595816	0	T:17.0(35.42%),B:3273.3(6.84%),P:1e-8	Tpos:109.2,Tstd:58.1,Bpos:99.2,Bstd:65.4,StrandBias:1.3,Multiplicity:1.18
0.447	0.551	0.001	0.001
0.137	0.742	0.120	0.001
0.001	0.997	0.001	0.001
0.825	0.001	0.001	0.173
0.001	0.997	0.001	0.001
0.997	0.001	0.001	0.001
0.001	0.001	0.001	0.997
0.001	0.001	0.997	0.001
>RTRARTCA	2-RTRARTCA	7.375517	-16.202334	0	T:14.0(29.17%),B:2484.6(5.19%),P:1e-7	Tpos:97.9,Tstd:48.2,Bpos:102.9,Bstd:63.0,StrandBias:1.3,Multiplicity:1.21
0.463	0.001	0.535	0.001
0.001	0.213	0.001	0.785
0.447	0.001	0.551	0.001
0.997	0.001	0.001	0.001
0.484	0.001	0.514	0.001
0.001	0.001	0.001	0.997
0.001	0.997	0.001	0.001
0.997	0.001	0.001	0.001
>GAAACTGT	3-GAAACTGT	7.325665	-14.347107	0	T:11.0(22.92%),B:1657.8(3.46%),P:1e-6	Tpos:70.6,Tstd:47.4,Bpos:98.5,Bstd:63.5,StrandBias:-1.4,Multiplicity:1.00
0.051	0.054	0.826	0.069
0.945	0.001	0.053	0.001
0.905	0.044	0.050	0.001
0.935	0.001	0.001	0.063
0.041	0.957	0.001	0.001
0.219	0.118	0.001	0.662
0.094	0.001	0.850	0.055
0.031	0.001	0.001	0.967
>ACAGTGAG	4-ACAGTGAG	7.970704	-11.091644	0	T:11.0(22.92%),B:2329.9(4.87%),P:1e-4	Tpos:121.2,Tstd:52.8,Bpos:101.6,Bstd:62.4,StrandBias:1.2,Multiplicity:1.18
0.997	0.001	0.001	0.001
0.001	0.997	0.001	0.001
0.941	0.001	0.001	0.057
0.102	0.001	0.896	0.001
0.001	0.001	0.120	0.878
0.001	0.001	0.997	0.001
0.997	0.001	0.001	0.001
0.001	0.001	0.997	0.001
>GAAAAAAA	5-GAAAAAAA	8.037083	-5.306870	0	T:9.0(18.75%),B:3293.1(6.88%),P:1e-2	Tpos:142.3,Tstd:55.0,Bpos:100.1,Bstd:75.6,StrandBias:-0.2,Multiplicity:1.44
0.111	0.001	0.887	0.001
0.613	0.165	0.001	0.221
0.982	0.001	0.001	0.016
0.997	0.001	0.001	0.001
0.965	0.001	0.033	0.001
0.786	0.201	0.001	0.012
0.785	0.013	0.069	0.133
0.879	0.012	0.108	0.001
