>GCCATCTCGC	1-GCCATCTCGC	12.838943	-23.764587	0	T:4.0(8.33%),B:6.4(0.01%),P:1e-10	Tpos:118.8,Tstd:26.5,Bpos:160.9,Bstd:53.8,StrandBias:0.0,Multiplicity:1.00
0.001	0.001	0.997	0.001
0.001	0.997	0.001	0.001
0.001	0.997	0.001	0.001
0.629	0.001	0.369	0.001
0.001	0.001	0.001	0.997
0.001	0.997	0.001	0.001
0.001	0.001	0.001	0.997
0.001	0.997	0.001	0.001
0.001	0.001	0.997	0.001
0.001	0.997	0.001	0.001
>CTSTGGGCAT	2-CTSTGGGCAT	8.530446	-17.808312	0	T:13.0(27.08%),B:1815.0(3.79%),P:1e-7	Tpos:112.5,Tstd:64.3,Bpos:99.3,Bstd:62.6,StrandBias:0.6,Multiplicity:1.25
0.001	0.730	0.134	0.135
0.005	0.001	0.001	0.993
0.001	0.440	0.437	0.122
0.001	0.001	0.001	0.997
0.001	0.001	0.997	0.001
0.001	0.110	0.793	0.096
0.007	0.124	0.606	0.263
0.005	0.985	0.001	0.009
0.639	0.097	0.174	0.090
0.009	0.001	0.153	0.837
>GATGACTCAC	3-GATGACTCAC	11.154892	-17.208080	0	T:5.0(10.42%),B:88.7(0.19%),P:1e-7	Tpos:124.2,Tstd:60.3,Bpos:101.9,Bstd:56.6,StrandBias:-1.0,Multiplicity:1.20
0.001	0.001	0.997	0.001
0.854	0.001	0.144	0.001
0.001	0.001	0.001	0.997
0.001	0.001	0.723	0.275
0.997	0.001	0.001	0.001
0.199	0.799	0.001	0.001
0.001	0.001	0.001	0.997
0.001	0.997	0.001	0.001
0.816	0.182	0.001	0.001
0.001	0.997	0.001	0.001
>CCATGTGCTT	4-CCATGTGCTT	8.540170	-15.807392	0	T:10.0(20.83%),B:1115.8(2.33%),P:1e-6	Tpos:91.8,Tstd:52.7,Bpos:101.1,Bstd:64.5,StrandBias:0.5,Multiplicity:1.20
0.334	0.563	0.001	0.102
0.222	0.664	0.113	0.001
0.797	0.201	0.001	0.001
0.001	0.125	0.001	0.873
0.001	0.001	0.997	0.001
0.001	0.001	0.001	0.997
0.012	0.001	0.893	0.094
0.109	0.785	0.001	0.105
0.001	0.120	0.127	0.752
0.001	0.327	0.001	0.671
>TGGTGATCTA	5-TGGTGATCTA	9.997388	-15.722338	0	T:5.0(10.42%),B:119.1(0.25%),P:1e-6	Tpos:98.0,Tstd:60.1,Bpos:95.3,Bstd:62.8,StrandBias:1.3,Multiplicity:1.40
0.001	0.001	0.001	0.997
0.001	0.001	0.997	0.001
0.001	0.001	0.997	0.001
0.001	0.001	0.001	0.997
0.001	0.001	0.997	0.001
0.932	0.066	0.001	0.001
0.001	0.001	0.001	0.997
0.001	0.634	0.001	0.364
0.310	0.001	0.001	0.688
0.741	0.257	0.001	0.001
>GACAGTGAGC	6-GACAGTGAGC	8.127673	-14.341196	0	T:11.0(22.92%),B:1658.0(3.46%),P:1e-6	Tpos:91.0,Tstd:55.7,Bpos:98.9,Bstd:65.0,StrandBias:0.7,Multiplicity:1.45
0.001	0.113	0.885	0.001
0.904	0.001	0.001	0.094
0.001	0.896	0.102	0.001
0.852	0.146	0.001	0.001
0.210	0.186	0.603	0.001
0.147	0.199	0.001	0.653
0.134	0.199	0.666	0.001
0.906	0.001	0.001	0.092
0.001	0.092	0.906	0.001
0.001	0.766	0.003	0.230
>TGGGAAACTG	7-TGGGAAACTG	8.350283	-11.488035	0	T:9.0(18.75%),B:1417.0(2.96%),P:1e-4	Tpos:69.0,Tstd:49.3,Bpos:101.2,Bstd:66.5,StrandBias:0.6,Multiplicity:1.11
0.100	0.100	0.100	0.700
0.100	0.100	0.700	0.100
0.100	0.100	0.700	0.100
0.100	0.100	0.700	0.100
0.700	0.100	0.100	0.100
0.700	0.100	0.100	0.100
0.700	0.100	0.100	0.100
0.100	0.700	0.100	0.100
0.100	0.100	0.100	0.700
0.100	0.100	0.700	0.100
>TTTTTTTTTT	8-TTTTTTTTTT	11.180102	-5.588470	0	T:6.0(12.50%),B:1499.2(3.13%),P:1e-2	Tpos:152.3,Tstd:51.9,Bpos:100.2,Bstd:85.7,StrandBias:3.1,Multiplicity:1.17
0.001	0.035	0.067	0.897
0.001	0.001	0.001	0.997
0.001	0.001	0.001	0.997
0.001	0.072	0.001	0.926
0.001	0.061	0.001	0.937
0.001	0.061	0.001	0.937
0.001	0.064	0.001	0.934
0.001	0.061	0.001	0.937
0.001	0.130	0.001	0.868
0.001	0.169	0.001	0.829
