>MCCACATG	1-MCCACATG	7.957499	-18.595816	0	T:17.0(35.42%),B:3273.3(6.84%),P:1e-8	Tpos:109.2,Tstd:58.1,Bpos:99.2,Bstd:65.4,StrandBias:1.3,Multiplicity:1.18
0.447	0.551	0.001	0.001
0.137	0.742	0.120	0.001
0.001	0.997	0.001	0.001
0.825	0.001	0.001	0.173
0.001	0.997	0.001	0.001
0.997	0.001	0.001	0.001
0.001	0.001	0.001	0.997
0.001	0.001	0.997	0.001
>RTRARTCA	2-RTRARTCA	7.375517	-16.202334	0	T:14.0(29.17%),B:2484.6(5.19%),P:1e-7	Tpos:97.9,Tstd:48.2,Bpos:102.9,Bstd:63.0,StrandBias:1.3,Multiplicity:1.21
0.463	0.001	0.535	0.001
0.001	0.213	0.001	0.785
0.447	0.001	0.551	0.001
0.997	0.001	0.001	0.001
0.484	0.001	0.514	0.001
0.001	0.001	0.001	0.997
0.001	0.997	0.001	0.001
0.997	0.001	0.001	0.001
>GAAACTGT	3-GAAACTGT	7.325665	-14.347107	0	T:11.0(22.92%),B:1657.8(3.46%),P:1e-6	Tpos:70.6,Tstd:47.4,Bpos:98.5,Bstd:63.5,StrandBias:-1.4,Multiplicity:1.00
0.051	0.054	0.826	0.069
0.945	0.001	0.053	0.001
0.905	0.044	0.050	0.001
0.935	0.001	0.001	0.063
0.041	0.957	0.001	0.001
0.219	0.118	0.001	0.662
0.094	0.001	0.850	0.055
0.031	0.001	0.001	0.967
>ACAGTGAG	4-ACAGTGAG	7.970704	-11.091644	0	T:11.0(22.92%),B:2329.9(4.87%),P:1e-4	Tpos:121.2,Tstd:52.8,Bpos:101.6,Bstd:62.4,StrandBias:1.2,Multiplicity:1.18
0.997	0.001	0.001	0.001
0.001	0.997	0.001	0.001
0.941	0.001	0.001	0.057
0.102	0.001	0.896	0.001
0.001	0.001	0.120	0.878
0.001	0.001	0.997	0.001
0.997	0.001	0.001	0.001
0.001	0.001	0.997	0.001
>GAAAAAAA	5-GAAAAAAA	8.037083	-5.306870	0	T:9.0(18.75%),B:3293.1(6.88%),P:1e-2	Tpos:142.3,Tstd:55.0,Bpos:100.1,Bstd:75.6,StrandBias:-0.2,Multiplicity:1.44
0.111	0.001	0.887	0.001
0.613	0.165	0.001	0.221
0.982	0.001	0.001	0.016
0.997	0.001	0.001	0.001
0.965	0.001	0.033	0.001
0.786	0.201	0.001	0.012
0.785	0.013	0.069	0.133
0.879	0.012	0.108	0.001
