>AAGGCCTTCCCC	5-AAGGCCTTCCCC	7.480015	-14.549107	0	T:18.0(26.47%),B:2054.7(6.83%),P:1e-6
0.654	0.209	0.001	0.136
0.810	0.001	0.001	0.188
0.204	0.001	0.794	0.001
0.001	0.237	0.710	0.052
0.001	0.863	0.068	0.068
0.189	0.674	0.068	0.069
0.068	0.088	0.001	0.843
0.068	0.136	0.056	0.740
0.001	0.635	0.123	0.241
0.001	0.862	0.069	0.068
0.121	0.810	0.068	0.001
0.129	0.614	0.068	0.189
