>TCCCCTGTGCCC	4-TCCCCTGTGCCC,BestGuess:RXR(NR),DR1/3T3L1-RXR-ChIP-Seq(GSE13511)/Homer(0.760)	8.023175	-15.665265	0	T:16.0(23.19%),B:1399.4(4.86%),P:1e-6
0.095	0.001	0.045	0.859
0.152	0.618	0.100	0.130
0.001	0.624	0.101	0.274
0.051	0.808	0.045	0.096
0.089	0.765	0.045	0.101
0.095	0.050	0.001	0.854
0.001	0.137	0.676	0.186
0.101	0.050	0.001	0.848
0.051	0.181	0.663	0.105
0.001	0.756	0.193	0.050
0.050	0.810	0.001	0.139
0.232	0.726	0.001	0.041
