>GCCTGAGTCA	1-GCCTGAGTCA	8.890396	-26.228100	0	T:16.0(11.51%),B:528.9(1.09%),P:1e-11	Tpos:105.6,Tstd:61.1,Bpos:101.6,Bstd:65.3,StrandBias:0.9,Multiplicity:1.00
0.134	0.001	0.773	0.092
0.001	0.812	0.091	0.096
0.001	0.856	0.001	0.142
0.001	0.001	0.001	0.997
0.001	0.001	0.997	0.001
0.910	0.001	0.088	0.001
0.001	0.031	0.967	0.001
0.093	0.001	0.001	0.905
0.001	0.875	0.001	0.123
0.908	0.001	0.001	0.090
>CTGTGGTTTA	2-CTGTGGTTTA	6.922548	-25.040103	0	T:38.0(27.34%),B:3906.6(8.04%),P:1e-10	Tpos:90.6,Tstd:54.2,Bpos:99.7,Bstd:63.4,StrandBias:-0.5,Multiplicity:1.13
0.001	0.814	0.023	0.162
0.146	0.033	0.041	0.780
0.089	0.041	0.824	0.046
0.050	0.025	0.071	0.854
0.025	0.023	0.898	0.054
0.077	0.001	0.830	0.092
0.105	0.122	0.091	0.682
0.036	0.012	0.020	0.932
0.055	0.088	0.110	0.747
0.651	0.105	0.075	0.169
>AGCCTCATGT	3-AGCCTCATGT	10.299650	-20.551704	0	T:10.0(7.19%),B:221.4(0.46%),P:1e-8	Tpos:103.9,Tstd:38.1,Bpos:97.3,Bstd:69.1,StrandBias:0.6,Multiplicity:1.00
0.997	0.001	0.001	0.001
0.001	0.111	0.761	0.127
0.001	0.997	0.001	0.001
0.001	0.997	0.001	0.001
0.087	0.001	0.001	0.911
0.140	0.738	0.001	0.121
0.997	0.001	0.001	0.001
0.001	0.001	0.059	0.939
0.001	0.001	0.925	0.073
0.091	0.001	0.090	0.818
>GATGTGACCT	4-GATGTGACCT	10.562762	-19.166009	0	T:10.0(7.19%),B:256.4(0.53%),P:1e-8	Tpos:98.2,Tstd:49.0,Bpos:94.2,Bstd:61.5,StrandBias:0.6,Multiplicity:1.00
0.001	0.095	0.903	0.001
0.594	0.074	0.134	0.198
0.001	0.001	0.001	0.997
0.001	0.001	0.997	0.001
0.001	0.001	0.001	0.997
0.001	0.001	0.997	0.001
0.903	0.001	0.095	0.001
0.001	0.897	0.101	0.001
0.001	0.997	0.001	0.001
0.001	0.179	0.001	0.819
>TTTTTTTTTG	5-TTTTTTTTTG	7.686497	-18.043735	0	T:29.0(20.86%),B:3104.3(6.39%),P:1e-7	Tpos:92.8,Tstd:52.2,Bpos:97.8,Bstd:67.9,StrandBias:-0.1,Multiplicity:1.03
0.001	0.001	0.203	0.795
0.001	0.061	0.001	0.937
0.323	0.057	0.037	0.583
0.158	0.051	0.001	0.790
0.050	0.130	0.223	0.597
0.001	0.001	0.255	0.743
0.001	0.001	0.305	0.693
0.001	0.001	0.001	0.997
0.323	0.001	0.191	0.485
0.289	0.001	0.642	0.068
>AACCCACMAK	6-AACCCACMAK	8.070160	-15.679254	0	T:18.0(12.95%),B:1421.5(2.93%),P:1e-6	Tpos:91.2,Tstd:50.3,Bpos:101.5,Bstd:60.2,StrandBias:0.4,Multiplicity:1.00
0.914	0.001	0.084	0.001
0.929	0.001	0.001	0.069
0.001	0.991	0.001	0.007
0.001	0.997	0.001	0.001
0.001	0.892	0.001	0.106
0.688	0.001	0.112	0.199
0.070	0.753	0.176	0.001
0.456	0.333	0.135	0.076
0.654	0.001	0.269	0.076
0.085	0.107	0.414	0.393
>GCTAGCCAGC	7-GCTAGCCAGC	10.603492	-13.079000	0	T:9.0(6.47%),B:387.5(0.80%),P:1e-5	Tpos:105.1,Tstd:35.5,Bpos:94.6,Bstd:66.0,StrandBias:-1.0,Multiplicity:1.22
0.001	0.001	0.997	0.001
0.001	0.997	0.001	0.001
0.001	0.103	0.126	0.770
0.823	0.001	0.083	0.093
0.001	0.093	0.905	0.001
0.001	0.997	0.001	0.001
0.001	0.829	0.001	0.169
0.892	0.001	0.001	0.106
0.001	0.001	0.997	0.001
0.001	0.892	0.106	0.001
