>GCCTGAGTCA	1-GCCTGAGTCA	8.890396	-26.228100	0	T:16.0(11.51%),B:528.9(1.09%),P:1e-11	Tpos:105.6,Tstd:61.1,Bpos:101.6,Bstd:65.3,StrandBias:0.9,Multiplicity:1.00
0.134	0.001	0.773	0.092
0.001	0.812	0.091	0.096
0.001	0.856	0.001	0.142
0.001	0.001	0.001	0.997
0.001	0.001	0.997	0.001
0.910	0.001	0.088	0.001
0.001	0.031	0.967	0.001
0.093	0.001	0.001	0.905
0.001	0.875	0.001	0.123
0.908	0.001	0.001	0.090
>CTGTGGTTTA	2-CTGTGGTTTA	6.922548	-25.040103	0	T:38.0(27.34%),B:3906.6(8.04%),P:1e-10	Tpos:90.6,Tstd:54.2,Bpos:99.7,Bstd:63.4,StrandBias:-0.5,Multiplicity:1.13
0.001	0.814	0.023	0.162
0.146	0.033	0.041	0.780
0.089	0.041	0.824	0.046
0.050	0.025	0.071	0.854
0.025	0.023	0.898	0.054
0.077	0.001	0.830	0.092
0.105	0.122	0.091	0.682
0.036	0.012	0.020	0.932
0.055	0.088	0.110	0.747
0.651	0.105	0.075	0.169
>AGCCTCATGT	3-AGCCTCATGT	10.299650	-20.551704	0	T:10.0(7.19%),B:221.4(0.46%),P:1e-8	Tpos:103.9,Tstd:38.1,Bpos:97.3,Bstd:69.1,StrandBias:0.6,Multiplicity:1.00
0.997	0.001	0.001	0.001
0.001	0.111	0.761	0.127
0.001	0.997	0.001	0.001
0.001	0.997	0.001	0.001
0.087	0.001	0.001	0.911
0.140	0.738	0.001	0.121
0.997	0.001	0.001	0.001
0.001	0.001	0.059	0.939
0.001	0.001	0.925	0.073
0.091	0.001	0.090	0.818
>GATGTGACCT	4-GATGTGACCT	10.562762	-19.166009	0	T:10.0(7.19%),B:256.4(0.53%),P:1e-8	Tpos:98.2,Tstd:49.0,Bpos:94.2,Bstd:61.5,StrandBias:0.6,Multiplicity:1.00
0.001	0.095	0.903	0.001
0.594	0.074	0.134	0.198
0.001	0.001	0.001	0.997
0.001	0.001	0.997	0.001
0.001	0.001	0.001	0.997
0.001	0.001	0.997	0.001
0.903	0.001	0.095	0.001
0.001	0.897	0.101	0.001
0.001	0.997	0.001	0.001
0.001	0.179	0.001	0.819
>TTTTTTTTTG	5-TTTTTTTTTG	7.686497	-18.043735	0	T:29.0(20.86%),B:3104.3(6.39%),P:1e-7	Tpos:92.8,Tstd:52.2,Bpos:97.8,Bstd:67.9,StrandBias:-0.1,Multiplicity:1.03
0.001	0.001	0.203	0.795
0.001	0.061	0.001	0.937
0.323	0.057	0.037	0.583
0.158	0.051	0.001	0.790
0.050	0.130	0.223	0.597
0.001	0.001	0.255	0.743
0.001	0.001	0.305	0.693
0.001	0.001	0.001	0.997
0.323	0.001	0.191	0.485
0.289	0.001	0.642	0.068
>AACCCACMAK	6-AACCCACMAK	8.070160	-15.679254	0	T:18.0(12.95%),B:1421.5(2.93%),P:1e-6	Tpos:91.2,Tstd:50.3,Bpos:101.5,Bstd:60.2,StrandBias:0.4,Multiplicity:1.00
0.914	0.001	0.084	0.001
0.929	0.001	0.001	0.069
0.001	0.991	0.001	0.007
0.001	0.997	0.001	0.001
0.001	0.892	0.001	0.106
0.688	0.001	0.112	0.199
0.070	0.753	0.176	0.001
0.456	0.333	0.135	0.076
0.654	0.001	0.269	0.076
0.085	0.107	0.414	0.393
>GCTAGCCAGC	7-GCTAGCCAGC	10.603492	-13.079000	0	T:9.0(6.47%),B:387.5(0.80%),P:1e-5	Tpos:105.1,Tstd:35.5,Bpos:94.6,Bstd:66.0,StrandBias:-1.0,Multiplicity:1.22
0.001	0.001	0.997	0.001
0.001	0.997	0.001	0.001
0.001	0.103	0.126	0.770
0.823	0.001	0.083	0.093
0.001	0.093	0.905	0.001
0.001	0.997	0.001	0.001
0.001	0.829	0.001	0.169
0.892	0.001	0.001	0.106
0.001	0.001	0.997	0.001
0.001	0.892	0.106	0.001
>GTGAGTCACAGC	1-GTGAGTCACAGC	7.299014	-30.412198	0	T:27.0(19.42%),B:1558.7(3.21%),P:1e-13	Tpos:104.0,Tstd:57.5,Bpos:100.2,Bstd:63.1,StrandBias:0.4,Multiplicity:1.04
0.127	0.250	0.582	0.041
0.208	0.001	0.165	0.626
0.001	0.126	0.790	0.083
0.792	0.041	0.166	0.001
0.166	0.125	0.583	0.126
0.082	0.126	0.001	0.791
0.249	0.543	0.041	0.167
0.709	0.209	0.041	0.041
0.207	0.461	0.166	0.166
0.501	0.165	0.125	0.209
0.041	0.166	0.501	0.292
0.290	0.586	0.083	0.041
>GGGTGAGGGGTG	2-GGGTGAGGGGTG	13.864802	-18.967916	0	T:5.0(3.60%),B:21.3(0.04%),P:1e-8	Tpos:94.2,Tstd:59.3,Bpos:84.1,Bstd:50.8,StrandBias:-0.6,Multiplicity:1.00
0.001	0.001	0.997	0.001
0.001	0.001	0.997	0.001
0.001	0.001	0.997	0.001
0.001	0.001	0.074	0.924
0.001	0.148	0.850	0.001
0.997	0.001	0.001	0.001
0.183	0.001	0.815	0.001
0.001	0.001	0.997	0.001
0.001	0.183	0.815	0.001
0.001	0.001	0.997	0.001
0.001	0.184	0.111	0.704
0.001	0.001	0.997	0.001
>CTGAGTCAGGCT	3-CTGAGTCAGGCT	7.078915	-18.213706	0	T:37.0(26.62%),B:4750.0(9.78%),P:1e-7	Tpos:99.0,Tstd:52.3,Bpos:101.1,Bstd:65.1,StrandBias:0.3,Multiplicity:1.08
0.106	0.745	0.067	0.082
0.083	0.044	0.064	0.809
0.087	0.064	0.848	0.001
0.812	0.020	0.046	0.122
0.087	0.083	0.737	0.093
0.058	0.265	0.027	0.650
0.081	0.853	0.065	0.001
0.751	0.001	0.069	0.179
0.068	0.072	0.729	0.131
0.137	0.240	0.463	0.160
0.092	0.769	0.078	0.061
0.130	0.019	0.015	0.836
>CCACATGAGGCT	4-CCACATGAGGCT	11.859169	-17.607591	0	T:7.0(5.04%),B:101.4(0.21%),P:1e-7	Tpos:116.9,Tstd:33.9,Bpos:97.5,Bstd:64.8,StrandBias:0.0,Multiplicity:1.00
0.001	0.563	0.214	0.222
0.009	0.989	0.001	0.001
0.645	0.001	0.001	0.353
0.001	0.997	0.001	0.001
0.997	0.001	0.001	0.001
0.001	0.001	0.344	0.654
0.214	0.001	0.571	0.214
0.645	0.001	0.001	0.353
0.001	0.001	0.810	0.188
0.001	0.001	0.997	0.001
0.001	0.997	0.001	0.001
0.001	0.001	0.001	0.997
>KKGCAGTGCCAA	5-KKGCAGTGCCAA	9.435499	-12.523006	0	T:11.0(7.91%),B:659.8(1.36%),P:1e-5	Tpos:85.0,Tstd:55.9,Bpos:103.1,Bstd:67.7,StrandBias:0.7,Multiplicity:1.00
0.005	0.001	0.457	0.537
0.001	0.001	0.537	0.461
0.096	0.001	0.902	0.001
0.001	0.902	0.096	0.001
0.995	0.001	0.001	0.003
0.097	0.361	0.536	0.006
0.255	0.001	0.062	0.682
0.001	0.001	0.997	0.001
0.001	0.902	0.001	0.096
0.114	0.703	0.097	0.086
0.788	0.210	0.001	0.001
0.554	0.195	0.165	0.086
>WTAAAAAAAAAA	6-WTAAAAAAAAAA	10.227821	-8.118621	0	T:8.0(5.76%),B:582.7(1.20%),P:1e-3	Tpos:103.7,Tstd:62.0,Bpos:100.2,Bstd:72.4,StrandBias:0.6,Multiplicity:1.00
0.445	0.025	0.001	0.529
0.011	0.230	0.001	0.758
0.648	0.228	0.001	0.123
0.782	0.050	0.070	0.098
0.716	0.001	0.175	0.108
0.860	0.001	0.070	0.069
0.824	0.056	0.119	0.001
0.997	0.001	0.001	0.001
0.732	0.061	0.138	0.069
0.792	0.138	0.001	0.069
0.802	0.071	0.001	0.126
0.599	0.117	0.001	0.283
>TGACTCAS	1-TGACTCAS	3.015718	-33.089545	0	T:33.0(23.74%),B:2211.1(4.55%),P:1e-14	Tpos:92.2,Tstd:57.9,Bpos:101.2,Bstd:63.9,StrandBias:0.0,Multiplicity:1.12
0.001	0.001	0.001	0.997
0.001	0.001	0.997	0.001
0.997	0.001	0.001	0.001
0.001	0.740	0.258	0.001
0.001	0.001	0.001	0.997
0.001	0.997	0.001	0.001
0.997	0.001	0.001	0.001
0.001	0.317	0.424	0.259
>TTGTGGTT	2-TTGTGGTT	7.596653	-22.531617	0	T:22.0(15.83%),B:1432.8(2.95%),P:1e-9	Tpos:83.9,Tstd:50.6,Bpos:98.2,Bstd:62.0,StrandBias:0.2,Multiplicity:1.09
0.001	0.354	0.001	0.644
0.001	0.060	0.001	0.938
0.001	0.001	0.997	0.001
0.001	0.001	0.001	0.997
0.031	0.067	0.901	0.001
0.001	0.001	0.997	0.001
0.001	0.001	0.090	0.908
0.028	0.001	0.001	0.970
>CATGTGCT	3-CATGTGCT	8.012293	-19.866410	0	T:24.0(17.27%),B:1977.3(4.07%),P:1e-8	Tpos:105.8,Tstd:44.0,Bpos:98.8,Bstd:65.0,StrandBias:1.1,Multiplicity:1.17
0.001	0.997	0.001	0.001
0.912	0.001	0.086	0.001
0.001	0.027	0.001	0.971
0.001	0.001	0.997	0.001
0.001	0.001	0.001	0.997
0.001	0.001	0.997	0.001
0.001	0.722	0.162	0.115
0.225	0.001	0.001	0.773
>ACGGAATC	4-ACGGAATC	6.312814	-17.058842	0	T:21.0(15.11%),B:1771.0(3.65%),P:1e-7	Tpos:110.7,Tstd:55.8,Bpos:100.4,Bstd:59.7,StrandBias:1.5,Multiplicity:1.10
0.929	0.001	0.001	0.069
0.058	0.744	0.001	0.197
0.001	0.001	0.961	0.037
0.001	0.001	0.912	0.086
0.878	0.051	0.070	0.001
0.820	0.050	0.060	0.070
0.001	0.001	0.039	0.959
0.001	0.868	0.055	0.076
>AAAAAAAA	5-AAAAAAAA	5.092345	-8.537347	0	T:34.0(24.46%),B:6346.0(13.06%),P:1e-3	Tpos:101.2,Tstd:55.4,Bpos:99.5,Bstd:68.0,StrandBias:0.3,Multiplicity:1.21
0.884	0.001	0.001	0.114
0.943	0.001	0.001	0.055
0.997	0.001	0.001	0.001
0.997	0.001	0.001	0.001
0.840	0.063	0.001	0.096
0.955	0.001	0.001	0.043
0.965	0.001	0.001	0.033
0.878	0.120	0.001	0.001
