>TGACTCAS	1-TGACTCAS	3.015718	-33.089545	0	T:33.0(23.74%),B:2211.1(4.55%),P:1e-14	Tpos:92.2,Tstd:57.9,Bpos:101.2,Bstd:63.9,StrandBias:0.0,Multiplicity:1.12
0.001	0.001	0.001	0.997
0.001	0.001	0.997	0.001
0.997	0.001	0.001	0.001
0.001	0.740	0.258	0.001
0.001	0.001	0.001	0.997
0.001	0.997	0.001	0.001
0.997	0.001	0.001	0.001
0.001	0.317	0.424	0.259
>TTGTGGTT	2-TTGTGGTT	7.596653	-22.531617	0	T:22.0(15.83%),B:1432.8(2.95%),P:1e-9	Tpos:83.9,Tstd:50.6,Bpos:98.2,Bstd:62.0,StrandBias:0.2,Multiplicity:1.09
0.001	0.354	0.001	0.644
0.001	0.060	0.001	0.938
0.001	0.001	0.997	0.001
0.001	0.001	0.001	0.997
0.031	0.067	0.901	0.001
0.001	0.001	0.997	0.001
0.001	0.001	0.090	0.908
0.028	0.001	0.001	0.970
>CATGTGCT	3-CATGTGCT	8.012293	-19.866410	0	T:24.0(17.27%),B:1977.3(4.07%),P:1e-8	Tpos:105.8,Tstd:44.0,Bpos:98.8,Bstd:65.0,StrandBias:1.1,Multiplicity:1.17
0.001	0.997	0.001	0.001
0.912	0.001	0.086	0.001
0.001	0.027	0.001	0.971
0.001	0.001	0.997	0.001
0.001	0.001	0.001	0.997
0.001	0.001	0.997	0.001
0.001	0.722	0.162	0.115
0.225	0.001	0.001	0.773
>ACGGAATC	4-ACGGAATC	6.312814	-17.058842	0	T:21.0(15.11%),B:1771.0(3.65%),P:1e-7	Tpos:110.7,Tstd:55.8,Bpos:100.4,Bstd:59.7,StrandBias:1.5,Multiplicity:1.10
0.929	0.001	0.001	0.069
0.058	0.744	0.001	0.197
0.001	0.001	0.961	0.037
0.001	0.001	0.912	0.086
0.878	0.051	0.070	0.001
0.820	0.050	0.060	0.070
0.001	0.001	0.039	0.959
0.001	0.868	0.055	0.076
>AAAAAAAA	5-AAAAAAAA	5.092345	-8.537347	0	T:34.0(24.46%),B:6346.0(13.06%),P:1e-3	Tpos:101.2,Tstd:55.4,Bpos:99.5,Bstd:68.0,StrandBias:0.3,Multiplicity:1.21
0.884	0.001	0.001	0.114
0.943	0.001	0.001	0.055
0.997	0.001	0.001	0.001
0.997	0.001	0.001	0.001
0.840	0.063	0.001	0.096
0.955	0.001	0.001	0.043
0.965	0.001	0.001	0.033
0.878	0.120	0.001	0.001
