>GTGAGTCACAGC	1-GTGAGTCACAGC	7.299014	-30.412198	0	T:27.0(19.42%),B:1558.7(3.21%),P:1e-13	Tpos:104.0,Tstd:57.5,Bpos:100.2,Bstd:63.1,StrandBias:0.4,Multiplicity:1.04
0.127	0.250	0.582	0.041
0.208	0.001	0.165	0.626
0.001	0.126	0.790	0.083
0.792	0.041	0.166	0.001
0.166	0.125	0.583	0.126
0.082	0.126	0.001	0.791
0.249	0.543	0.041	0.167
0.709	0.209	0.041	0.041
0.207	0.461	0.166	0.166
0.501	0.165	0.125	0.209
0.041	0.166	0.501	0.292
0.290	0.586	0.083	0.041
>GGGTGAGGGGTG	2-GGGTGAGGGGTG	13.864802	-18.967916	0	T:5.0(3.60%),B:21.3(0.04%),P:1e-8	Tpos:94.2,Tstd:59.3,Bpos:84.1,Bstd:50.8,StrandBias:-0.6,Multiplicity:1.00
0.001	0.001	0.997	0.001
0.001	0.001	0.997	0.001
0.001	0.001	0.997	0.001
0.001	0.001	0.074	0.924
0.001	0.148	0.850	0.001
0.997	0.001	0.001	0.001
0.183	0.001	0.815	0.001
0.001	0.001	0.997	0.001
0.001	0.183	0.815	0.001
0.001	0.001	0.997	0.001
0.001	0.184	0.111	0.704
0.001	0.001	0.997	0.001
>CTGAGTCAGGCT	3-CTGAGTCAGGCT	7.078915	-18.213706	0	T:37.0(26.62%),B:4750.0(9.78%),P:1e-7	Tpos:99.0,Tstd:52.3,Bpos:101.1,Bstd:65.1,StrandBias:0.3,Multiplicity:1.08
0.106	0.745	0.067	0.082
0.083	0.044	0.064	0.809
0.087	0.064	0.848	0.001
0.812	0.020	0.046	0.122
0.087	0.083	0.737	0.093
0.058	0.265	0.027	0.650
0.081	0.853	0.065	0.001
0.751	0.001	0.069	0.179
0.068	0.072	0.729	0.131
0.137	0.240	0.463	0.160
0.092	0.769	0.078	0.061
0.130	0.019	0.015	0.836
>CCACATGAGGCT	4-CCACATGAGGCT	11.859169	-17.607591	0	T:7.0(5.04%),B:101.4(0.21%),P:1e-7	Tpos:116.9,Tstd:33.9,Bpos:97.5,Bstd:64.8,StrandBias:0.0,Multiplicity:1.00
0.001	0.563	0.214	0.222
0.009	0.989	0.001	0.001
0.645	0.001	0.001	0.353
0.001	0.997	0.001	0.001
0.997	0.001	0.001	0.001
0.001	0.001	0.344	0.654
0.214	0.001	0.571	0.214
0.645	0.001	0.001	0.353
0.001	0.001	0.810	0.188
0.001	0.001	0.997	0.001
0.001	0.997	0.001	0.001
0.001	0.001	0.001	0.997
>KKGCAGTGCCAA	5-KKGCAGTGCCAA	9.435499	-12.523006	0	T:11.0(7.91%),B:659.8(1.36%),P:1e-5	Tpos:85.0,Tstd:55.9,Bpos:103.1,Bstd:67.7,StrandBias:0.7,Multiplicity:1.00
0.005	0.001	0.457	0.537
0.001	0.001	0.537	0.461
0.096	0.001	0.902	0.001
0.001	0.902	0.096	0.001
0.995	0.001	0.001	0.003
0.097	0.361	0.536	0.006
0.255	0.001	0.062	0.682
0.001	0.001	0.997	0.001
0.001	0.902	0.001	0.096
0.114	0.703	0.097	0.086
0.788	0.210	0.001	0.001
0.554	0.195	0.165	0.086
>WTAAAAAAAAAA	6-WTAAAAAAAAAA	10.227821	-8.118621	0	T:8.0(5.76%),B:582.7(1.20%),P:1e-3	Tpos:103.7,Tstd:62.0,Bpos:100.2,Bstd:72.4,StrandBias:0.6,Multiplicity:1.00
0.445	0.025	0.001	0.529
0.011	0.230	0.001	0.758
0.648	0.228	0.001	0.123
0.782	0.050	0.070	0.098
0.716	0.001	0.175	0.108
0.860	0.001	0.070	0.069
0.824	0.056	0.119	0.001
0.997	0.001	0.001	0.001
0.732	0.061	0.138	0.069
0.792	0.138	0.001	0.069
0.802	0.071	0.001	0.126
0.599	0.117	0.001	0.283
