>GCCACCTGCTTG	1-GCCACCTGCTTG	9.691226	-22.205070	0	T:7.0(17.07%),B:183.3(0.38%),P:1e-9	Tpos:133.4,Tstd:49.2,Bpos:99.0,Bstd:72.7,StrandBias:1.3,Multiplicity:1.00
0.001	0.001	0.733	0.265
0.001	0.696	0.302	0.001
0.001	0.696	0.302	0.001
0.997	0.001	0.001	0.001
0.001	0.997	0.001	0.001
0.001	0.985	0.001	0.013
0.014	0.001	0.001	0.984
0.001	0.265	0.733	0.001
0.001	0.621	0.377	0.001
0.001	0.001	0.001	0.997
0.001	0.001	0.010	0.988
0.001	0.377	0.621	0.001
>WMKAGGGAGGGS	2-WMKAGGGAGGGS	11.034710	-18.349492	0	T:5.0(12.20%),B:83.8(0.17%),P:1e-7	Tpos:99.7,Tstd:48.2,Bpos:99.8,Bstd:55.0,StrandBias:1.0,Multiplicity:1.20
0.506	0.001	0.001	0.492
0.490	0.508	0.001	0.001
0.001	0.001	0.558	0.440
0.997	0.001	0.001	0.001
0.001	0.001	0.997	0.001
0.001	0.001	0.997	0.001
0.001	0.001	0.997	0.001
0.997	0.001	0.001	0.001
0.001	0.001	0.997	0.001
0.001	0.055	0.943	0.001
0.001	0.001	0.997	0.001
0.001	0.488	0.510	0.001
>CAGTYAAACCAC	3-CAGTYAAACCAC	6.018229	-11.309571	0	T:17.0(41.46%),B:6630.0(13.75%),P:1e-4	Tpos:79.5,Tstd:50.1,Bpos:99.3,Bstd:65.0,StrandBias:1.1,Multiplicity:1.24
0.104	0.747	0.050	0.099
0.752	0.099	0.050	0.099
0.052	0.248	0.650	0.050
0.151	0.248	0.149	0.452
0.149	0.300	0.199	0.352
0.751	0.099	0.149	0.001
0.848	0.149	0.002	0.001
0.699	0.052	0.199	0.050
0.050	0.801	0.099	0.050
0.099	0.750	0.002	0.149
0.600	0.099	0.300	0.001
0.298	0.602	0.001	0.099
>GAGAGMGASAGA	4-GAGAGMGASAGA	14.272454	-9.177290	0	T:3.0(7.32%),B:105.4(0.22%),P:1e-3	Tpos:63.0,Tstd:60.0,Bpos:102.9,Bstd:54.5,StrandBias:0.0,Multiplicity:1.00
0.001	0.001	0.997	0.001
0.995	0.003	0.001	0.001
0.001	0.001	0.997	0.001
0.997	0.001	0.001	0.001
0.001	0.001	0.997	0.001
0.505	0.493	0.001	0.001
0.001	0.001	0.997	0.001
0.576	0.001	0.422	0.001
0.001	0.488	0.510	0.001
0.997	0.001	0.001	0.001
0.031	0.005	0.929	0.035
0.997	0.001	0.001	0.001
>AGTTAAACCACC	5-AGTTAAACCACC	6.517702	-3.978578	0	T:8.0(19.51%),B:4032.2(8.36%),P:1e-1	Tpos:94.6,Tstd:54.0,Bpos:103.5,Bstd:65.2,StrandBias:2.0,Multiplicity:1.25
0.700	0.100	0.100	0.100
0.100	0.100	0.700	0.100
0.100	0.100	0.100	0.700
0.100	0.100	0.100	0.700
0.700	0.100	0.100	0.100
0.700	0.100	0.100	0.100
0.700	0.100	0.100	0.100
0.100	0.700	0.100	0.100
0.100	0.700	0.100	0.100
0.700	0.100	0.100	0.100
0.100	0.700	0.100	0.100
0.100	0.700	0.100	0.100
