>GTAAACAB	1-GTAAACAB	6.106939	-15.086442	0	T:14.0(34.15%),B:3287.9(6.82%),P:1e-6	Tpos:73.3,Tstd:50.4,Bpos:99.9,Bstd:63.1,StrandBias:0.8,Multiplicity:1.36
0.198	0.001	0.488	0.313
0.104	0.046	0.001	0.849
0.665	0.003	0.133	0.199
0.892	0.066	0.041	0.001
0.849	0.001	0.093	0.057
0.047	0.652	0.002	0.299
0.796	0.137	0.066	0.001
0.004	0.286	0.370	0.340
>CACCCAAG	2-CACCCAAG	5.945655	-13.073590	0	T:15.0(36.59%),B:4500.5(9.33%),P:1e-5	Tpos:86.8,Tstd:51.8,Bpos:100.7,Bstd:66.8,StrandBias:-0.5,Multiplicity:1.13
0.001	0.997	0.001	0.001
0.877	0.001	0.076	0.046
0.001	0.997	0.001	0.001
0.056	0.862	0.001	0.081
0.001	0.788	0.114	0.097
0.997	0.001	0.001	0.001
0.924	0.074	0.001	0.001
0.001	0.074	0.924	0.001
>CCACGAGG	3-CCACGAGG	6.291044	-9.498101	0	T:18.0(43.90%),B:8429.5(17.48%),P:1e-4	Tpos:112.3,Tstd:51.0,Bpos:99.1,Bstd:64.0,StrandBias:0.7,Multiplicity:1.22
0.100	0.700	0.100	0.100
0.100	0.700	0.100	0.100
0.700	0.100	0.100	0.100
0.100	0.700	0.100	0.100
0.100	0.100	0.700	0.100
0.700	0.100	0.100	0.100
0.100	0.100	0.700	0.100
0.100	0.100	0.700	0.100
>CCGCACST	4-CCGCACST	8.253272	-8.258142	0	T:10.0(24.39%),B:3178.7(6.59%),P:1e-3	Tpos:93.9,Tstd:56.4,Bpos:99.9,Bstd:67.4,StrandBias:0.2,Multiplicity:1.50
0.001	0.997	0.001	0.001
0.001	0.578	0.420	0.001
0.001	0.001	0.997	0.001
0.001	0.943	0.055	0.001
0.578	0.001	0.420	0.001
0.001	0.997	0.001	0.001
0.001	0.510	0.488	0.001
0.001	0.368	0.001	0.630
>TCCCTCTA	5-TCCCTCTA	7.240731	-6.243813	0	T:9.0(21.95%),B:3412.3(7.07%),P:1e-2	Tpos:76.9,Tstd:64.9,Bpos:100.5,Bstd:59.0,StrandBias:-0.2,Multiplicity:1.44
0.001	0.001	0.001	0.997
0.001	0.997	0.001	0.001
0.001	0.710	0.075	0.214
0.001	0.997	0.001	0.001
0.001	0.001	0.001	0.997
0.001	0.997	0.001	0.001
0.001	0.001	0.001	0.997
0.439	0.289	0.001	0.272
