>CACCTGCTTG	1-CACCTGCTTG	10.631291	-19.866349	0	T:8.0(19.51%),B:418.8(0.87%),P:1e-8	Tpos:134.2,Tstd:53.5,Bpos:102.1,Bstd:68.5,StrandBias:0.0,Multiplicity:1.00
0.001	0.858	0.140	0.001
0.859	0.001	0.139	0.001
0.001	0.997	0.001	0.001
0.001	0.859	0.001	0.139
0.130	0.001	0.001	0.868
0.001	0.111	0.887	0.001
0.001	0.997	0.001	0.001
0.001	0.001	0.001	0.997
0.001	0.128	0.082	0.789
0.001	0.001	0.997	0.001
>AAGCCACACC	2-AAGCCACACC	11.041556	-16.026816	0	T:6.0(14.63%),B:267.7(0.55%),P:1e-6	Tpos:99.0,Tstd:36.4,Bpos:90.1,Bstd:68.6,StrandBias:0.4,Multiplicity:1.17
0.859	0.001	0.139	0.001
0.997	0.001	0.001	0.001
0.001	0.196	0.802	0.001
0.001	0.997	0.001	0.001
0.001	0.997	0.001	0.001
0.663	0.135	0.201	0.001
0.178	0.820	0.001	0.001
0.997	0.001	0.001	0.001
0.001	0.997	0.001	0.001
0.001	0.997	0.001	0.001
>CGCTCTCTCT	3-CGCTCTCTCT	11.315318	-15.505355	0	T:6.0(14.63%),B:292.1(0.61%),P:1e-6	Tpos:73.0,Tstd:60.3,Bpos:105.1,Bstd:56.5,StrandBias:-1.6,Multiplicity:1.00
0.001	0.997	0.001	0.001
0.001	0.001	0.783	0.215
0.001	0.997	0.001	0.001
0.226	0.001	0.001	0.772
0.001	0.997	0.001	0.001
0.001	0.199	0.001	0.799
0.001	0.997	0.001	0.001
0.001	0.165	0.001	0.833
0.001	0.997	0.001	0.001
0.001	0.001	0.001	0.997
>ATATATATCC	4-ATATATATCC	11.210463	-14.961916	0	T:3.0(7.32%),B:15.8(0.03%),P:1e-6	Tpos:41.7,Tstd:21.2,Bpos:101.8,Bstd:50.5,StrandBias:1.0,Multiplicity:1.00
0.722	0.001	0.001	0.276
0.001	0.001	0.001	0.997
0.682	0.001	0.001	0.316
0.314	0.001	0.021	0.664
0.652	0.346	0.001	0.001
0.001	0.001	0.001	0.997
0.997	0.001	0.001	0.001
0.018	0.001	0.001	0.980
0.001	0.997	0.001	0.001
0.001	0.722	0.001	0.276
>ACCAGGCCTG	5-ACCAGGCCTG	8.795377	-11.991048	0	T:7.0(17.07%),B:834.9(1.73%),P:1e-5	Tpos:123.7,Tstd:42.3,Bpos:98.0,Bstd:66.0,StrandBias:1.8,Multiplicity:1.14
0.774	0.001	0.001	0.224
0.001	0.634	0.001	0.364
0.313	0.685	0.001	0.001
0.997	0.001	0.001	0.001
0.001	0.001	0.921	0.077
0.001	0.001	0.997	0.001
0.001	0.751	0.247	0.001
0.001	0.997	0.001	0.001
0.001	0.001	0.001	0.997
0.001	0.001	0.997	0.001
>GCCACCTGCTTG	1-GCCACCTGCTTG	9.691226	-22.205070	0	T:7.0(17.07%),B:183.3(0.38%),P:1e-9	Tpos:133.4,Tstd:49.2,Bpos:99.0,Bstd:72.7,StrandBias:1.3,Multiplicity:1.00
0.001	0.001	0.733	0.265
0.001	0.696	0.302	0.001
0.001	0.696	0.302	0.001
0.997	0.001	0.001	0.001
0.001	0.997	0.001	0.001
0.001	0.985	0.001	0.013
0.014	0.001	0.001	0.984
0.001	0.265	0.733	0.001
0.001	0.621	0.377	0.001
0.001	0.001	0.001	0.997
0.001	0.001	0.010	0.988
0.001	0.377	0.621	0.001
>WMKAGGGAGGGS	2-WMKAGGGAGGGS	11.034710	-18.349492	0	T:5.0(12.20%),B:83.8(0.17%),P:1e-7	Tpos:99.7,Tstd:48.2,Bpos:99.8,Bstd:55.0,StrandBias:1.0,Multiplicity:1.20
0.506	0.001	0.001	0.492
0.490	0.508	0.001	0.001
0.001	0.001	0.558	0.440
0.997	0.001	0.001	0.001
0.001	0.001	0.997	0.001
0.001	0.001	0.997	0.001
0.001	0.001	0.997	0.001
0.997	0.001	0.001	0.001
0.001	0.001	0.997	0.001
0.001	0.055	0.943	0.001
0.001	0.001	0.997	0.001
0.001	0.488	0.510	0.001
>CAGTYAAACCAC	3-CAGTYAAACCAC	6.018229	-11.309571	0	T:17.0(41.46%),B:6630.0(13.75%),P:1e-4	Tpos:79.5,Tstd:50.1,Bpos:99.3,Bstd:65.0,StrandBias:1.1,Multiplicity:1.24
0.104	0.747	0.050	0.099
0.752	0.099	0.050	0.099
0.052	0.248	0.650	0.050
0.151	0.248	0.149	0.452
0.149	0.300	0.199	0.352
0.751	0.099	0.149	0.001
0.848	0.149	0.002	0.001
0.699	0.052	0.199	0.050
0.050	0.801	0.099	0.050
0.099	0.750	0.002	0.149
0.600	0.099	0.300	0.001
0.298	0.602	0.001	0.099
>GAGAGMGASAGA	4-GAGAGMGASAGA	14.272454	-9.177290	0	T:3.0(7.32%),B:105.4(0.22%),P:1e-3	Tpos:63.0,Tstd:60.0,Bpos:102.9,Bstd:54.5,StrandBias:0.0,Multiplicity:1.00
0.001	0.001	0.997	0.001
0.995	0.003	0.001	0.001
0.001	0.001	0.997	0.001
0.997	0.001	0.001	0.001
0.001	0.001	0.997	0.001
0.505	0.493	0.001	0.001
0.001	0.001	0.997	0.001
0.576	0.001	0.422	0.001
0.001	0.488	0.510	0.001
0.997	0.001	0.001	0.001
0.031	0.005	0.929	0.035
0.997	0.001	0.001	0.001
>AGTTAAACCACC	5-AGTTAAACCACC	6.517702	-3.978578	0	T:8.0(19.51%),B:4032.2(8.36%),P:1e-1	Tpos:94.6,Tstd:54.0,Bpos:103.5,Bstd:65.2,StrandBias:2.0,Multiplicity:1.25
0.700	0.100	0.100	0.100
0.100	0.100	0.700	0.100
0.100	0.100	0.100	0.700
0.100	0.100	0.100	0.700
0.700	0.100	0.100	0.100
0.700	0.100	0.100	0.100
0.700	0.100	0.100	0.100
0.100	0.700	0.100	0.100
0.100	0.700	0.100	0.100
0.700	0.100	0.100	0.100
0.100	0.700	0.100	0.100
0.100	0.700	0.100	0.100
>GTAAACAB	1-GTAAACAB	6.106939	-15.086442	0	T:14.0(34.15%),B:3287.9(6.82%),P:1e-6	Tpos:73.3,Tstd:50.4,Bpos:99.9,Bstd:63.1,StrandBias:0.8,Multiplicity:1.36
0.198	0.001	0.488	0.313
0.104	0.046	0.001	0.849
0.665	0.003	0.133	0.199
0.892	0.066	0.041	0.001
0.849	0.001	0.093	0.057
0.047	0.652	0.002	0.299
0.796	0.137	0.066	0.001
0.004	0.286	0.370	0.340
>CACCCAAG	2-CACCCAAG	5.945655	-13.073590	0	T:15.0(36.59%),B:4500.5(9.33%),P:1e-5	Tpos:86.8,Tstd:51.8,Bpos:100.7,Bstd:66.8,StrandBias:-0.5,Multiplicity:1.13
0.001	0.997	0.001	0.001
0.877	0.001	0.076	0.046
0.001	0.997	0.001	0.001
0.056	0.862	0.001	0.081
0.001	0.788	0.114	0.097
0.997	0.001	0.001	0.001
0.924	0.074	0.001	0.001
0.001	0.074	0.924	0.001
>CCACGAGG	3-CCACGAGG	6.291044	-9.498101	0	T:18.0(43.90%),B:8429.5(17.48%),P:1e-4	Tpos:112.3,Tstd:51.0,Bpos:99.1,Bstd:64.0,StrandBias:0.7,Multiplicity:1.22
0.100	0.700	0.100	0.100
0.100	0.700	0.100	0.100
0.700	0.100	0.100	0.100
0.100	0.700	0.100	0.100
0.100	0.100	0.700	0.100
0.700	0.100	0.100	0.100
0.100	0.100	0.700	0.100
0.100	0.100	0.700	0.100
>CCGCACST	4-CCGCACST	8.253272	-8.258142	0	T:10.0(24.39%),B:3178.7(6.59%),P:1e-3	Tpos:93.9,Tstd:56.4,Bpos:99.9,Bstd:67.4,StrandBias:0.2,Multiplicity:1.50
0.001	0.997	0.001	0.001
0.001	0.578	0.420	0.001
0.001	0.001	0.997	0.001
0.001	0.943	0.055	0.001
0.578	0.001	0.420	0.001
0.001	0.997	0.001	0.001
0.001	0.510	0.488	0.001
0.001	0.368	0.001	0.630
>TCCCTCTA	5-TCCCTCTA	7.240731	-6.243813	0	T:9.0(21.95%),B:3412.3(7.07%),P:1e-2	Tpos:76.9,Tstd:64.9,Bpos:100.5,Bstd:59.0,StrandBias:-0.2,Multiplicity:1.44
0.001	0.001	0.001	0.997
0.001	0.997	0.001	0.001
0.001	0.710	0.075	0.214
0.001	0.997	0.001	0.001
0.001	0.001	0.001	0.997
0.001	0.997	0.001	0.001
0.001	0.001	0.001	0.997
0.439	0.289	0.001	0.272
