>CACCTGCTTG	1-CACCTGCTTG	10.631291	-19.866349	0	T:8.0(19.51%),B:418.8(0.87%),P:1e-8	Tpos:134.2,Tstd:53.5,Bpos:102.1,Bstd:68.5,StrandBias:0.0,Multiplicity:1.00
0.001	0.858	0.140	0.001
0.859	0.001	0.139	0.001
0.001	0.997	0.001	0.001
0.001	0.859	0.001	0.139
0.130	0.001	0.001	0.868
0.001	0.111	0.887	0.001
0.001	0.997	0.001	0.001
0.001	0.001	0.001	0.997
0.001	0.128	0.082	0.789
0.001	0.001	0.997	0.001
>AAGCCACACC	2-AAGCCACACC	11.041556	-16.026816	0	T:6.0(14.63%),B:267.7(0.55%),P:1e-6	Tpos:99.0,Tstd:36.4,Bpos:90.1,Bstd:68.6,StrandBias:0.4,Multiplicity:1.17
0.859	0.001	0.139	0.001
0.997	0.001	0.001	0.001
0.001	0.196	0.802	0.001
0.001	0.997	0.001	0.001
0.001	0.997	0.001	0.001
0.663	0.135	0.201	0.001
0.178	0.820	0.001	0.001
0.997	0.001	0.001	0.001
0.001	0.997	0.001	0.001
0.001	0.997	0.001	0.001
>CGCTCTCTCT	3-CGCTCTCTCT	11.315318	-15.505355	0	T:6.0(14.63%),B:292.1(0.61%),P:1e-6	Tpos:73.0,Tstd:60.3,Bpos:105.1,Bstd:56.5,StrandBias:-1.6,Multiplicity:1.00
0.001	0.997	0.001	0.001
0.001	0.001	0.783	0.215
0.001	0.997	0.001	0.001
0.226	0.001	0.001	0.772
0.001	0.997	0.001	0.001
0.001	0.199	0.001	0.799
0.001	0.997	0.001	0.001
0.001	0.165	0.001	0.833
0.001	0.997	0.001	0.001
0.001	0.001	0.001	0.997
>ATATATATCC	4-ATATATATCC	11.210463	-14.961916	0	T:3.0(7.32%),B:15.8(0.03%),P:1e-6	Tpos:41.7,Tstd:21.2,Bpos:101.8,Bstd:50.5,StrandBias:1.0,Multiplicity:1.00
0.722	0.001	0.001	0.276
0.001	0.001	0.001	0.997
0.682	0.001	0.001	0.316
0.314	0.001	0.021	0.664
0.652	0.346	0.001	0.001
0.001	0.001	0.001	0.997
0.997	0.001	0.001	0.001
0.018	0.001	0.001	0.980
0.001	0.997	0.001	0.001
0.001	0.722	0.001	0.276
>ACCAGGCCTG	5-ACCAGGCCTG	8.795377	-11.991048	0	T:7.0(17.07%),B:834.9(1.73%),P:1e-5	Tpos:123.7,Tstd:42.3,Bpos:98.0,Bstd:66.0,StrandBias:1.8,Multiplicity:1.14
0.774	0.001	0.001	0.224
0.001	0.634	0.001	0.364
0.313	0.685	0.001	0.001
0.997	0.001	0.001	0.001
0.001	0.001	0.921	0.077
0.001	0.001	0.997	0.001
0.001	0.751	0.247	0.001
0.001	0.997	0.001	0.001
0.001	0.001	0.001	0.997
0.001	0.001	0.997	0.001
